12880
27704
9752
3933
10528
6759
25075
29055
3491
18441
4645
12358
3132
21829
18589
24504
17209
31695
26444
22519
4511
12590
22724
5747
19464
4553
10215
11221
23785
14413
2990
7523
214
27376
17088
22232
12644
9345
25124
11006
2880
8382
31715
22306
4261
15922
17893
18134
20985
22539
5023
2529
31600
25509
23360
11366
13793
28546
5591
24829
30976
9769
13951
20637
10229
9832
6995
23946
12013
15270
26899
30550
20217
14897
11059
26596
32285
20678
23437
406
4622
18952
23413
9226
19907
12874
3633
19631
24379
32352
14819
24998
747
22179
5033
19988
31020
19862
23536
18498
21344
2625
5385
25995
25089
12696
20549
2868
8866
30367
11287
27727
13057
6064
12230
2085
9415
23116
25974
12074
9306
13475
22480
22496
2852
25592
5095
29401
9856
21988
14767
17911
22740
1188
12284
8539
7743
7466
28290
14500
28631
16518
13459
17224
2629
30329
18197
24061
29145
2920
30645
1224
3001
32296
28637
19261
16357
10111
15092
25215
22515
9311
12665
11589
10257
8957
7462
14895
31028
11377
15053
7803
23150
28040
9026
6849
26540
32763
10548
22906
13281
3683
7632
14062
4652
19058
1430
5064
30971
24887
24909
25717
21273
19602
1918
9303
7780
17380
32756
23644
3771
24715
17789
27172
17118
19693
9344
13
25303
27169
16084
22717
8153
17099
27182
25183
1760
25614
3651
8254
24294
26392
29445
27809
24391
12209
8390
30771
28804
29036
17304
16989
25374
12542
11753
26231
23014
11460
23053
31920
29159
23827
997
8463
30797
5694
16428
18694
5459
25237
2973
25058
25914
30265
23617
27363
25027
5416
10817
2936
20312
1934
15749
11703
5536
21703
16421
10815
31650
6107
10452
28538
5623
17265
23802
30961
22216
6241
13606
14680
26582
12762
20984
30250
29224
24895
14770
20989
6291
127
31285
31422
30611
6755
32078
19802
32421
16023
25120
24269
17681
6144
7982
29545
22025
31006
5405
28487
648
16479
21524
7128
26235
12219
18082
2974
13220
18094
21477
310
19833
18027
5540
23660
25715
26658
140
12725
30427
8677
687
12114
9517
25722
10019
12548
14263
13579
13132
10987
10509
9866
24124
4164
19425
21250
17296
14516
14546
24685
27014
17669
24721
551
31985
30435
19337
668
24794
12972
22497
25956
14067
30648
1375
2911
2208
10889
19900
24976
387
27540
31449
5767
8062
6170
3790
5669
7181
25916
812
13238
31371
20210
18604
2413
15647
32485
19362
21827
11300
32567
17593
12868
17097
15906
22685
2005
13078
4467
14142
25560
7340
6571
28645
18241
3297
1004
16996
18023
23296
17981
11688
12363
28081
21590
19435
11653
3092
15115
17522
9457
31782
11095
30529
25372
25601
14726
18468
30755
26497
31214
29180
15714
6741
7413
8367
8417
8316
19011
24000
14566
30554
26520
16093
2077
22663
17687
9823
3866
28638
15023
18141
8609
24202
26522
9281
2183
588
18079
13909
10718
4779
16062
14405
8296
733
12110
19616
10775
21696
672
26748
2813
12429
13644
3222
10041
5798
20866
14844
13440
29477
5370
1928
32135
31340
27127
26175
31479
26756
8877
24034
11968
4899
29380
13605
8469
18837
24299
6143
3988
1857
2847
5645
15086
225
22364
1863
31677
17024
23203
25622
9597
11695
23144
16164
25458
6148
17940
12800
14481
25973
21233
27958
6921
16377
32225
4374
7969
24767
14391
18385
11122
17870
22899
13214
26157
6240
20658
3971
22407
29414
7631
4566
6804
21294
4665
20280
3261
27024
10850
23769
19105
23030
29399
26321
11642
28702
30953
5358
9024
125
24576
31500
16086
19171
9667
27044
31360
25275
27098
24977
16795
24171
23710
30240
12379
18105
23178
29008
31004
7812
7620
22966
15621
7408
3426
5802
20271
15960
26411
28667
17415
7567
17002
15970
24966
24365
29603
10601
11401
23102
1776
32010
6427
5208
4442
31462
11751
7486
1044
25926
29043
12488
8120
25910
28257
20367
12367
29213
14964
23215
4077
15312
23386
12526
6717
15728
18386
26248
25951
1469
24201
9416
20904
6267
14003
14808
30790
14229
10357
21901
11379
30910
8289
12764
3357
11887
28908
4994
9768
23515
1735
4817
20485
6034
32715
5320
32423
32520
30177
26006
26693
9971
11213
3941
7330
27029
10536
28297
18269
26875
20626
8772
6032
28883
10665
9353
8741
14019
8528
22870
29459
18783
25512
21883
26594
31528
21272
9844
9392
23389
761
22061
4749
4105
22464
23903
32540
29060
17257
14342
20609
5371
21337
16006
27115
4295
2436
7983
27139
31723
8870
10878
1244
18055
19915
29441
3656
22238
13000
20150
19931
24045
10277
487
17666
23200
3048
32516
31310
4924
10576
964
22050
12971
4435
7519
12320
2032
5884
16160
24851
30487
12146
8398
29985
23707
24873
7623
31018
30326
8542
26586
1562
6168
6582
8225
1565
9771
8689
18805
28789
5891
31087
21454
32681
17694
10409
4904
29253
17042
11128
20474
25344
2129
13279
10911
29105
30716
20427
4478
28394
14041
9274
27096
3300
2179
26222
4211
5898
9868
6706
1792
21898
28238
26798
21177
6820
10929
22445
27968
12537
17124
7366
20597
20963
29262
32519
27156
24200
4699
26443
1068
18931
696
6295
17288
691
22055
4673
29263
3701
19387
7169
23948
20711
37
10742
6548
23382
17147
16187
23577
17696
13426
28842
31750
32246
30274
28555
19856
6375
21488
21179
2048
19052
22670
29141
2584
3872
26474
4516
4597
23789
16832
29950
7008
4300
32742
21884
16194
27089
28152
17406
31264
6590
11716
5622
31859
15168
25940
17804
13437
14323
3858
32
21080
8953
15538
3854
3627
12726
29946
17067
7958
19325
3553
23346
11183
23025
12357
2848
24778
17191
1596
21117
24516
430
16820
14367
839
9043
12515
10132
8093
19738
26004
25668
28832
16431
15638
18024
29077
3808
4006
30588
17951
29161
20910
20717
9247
31596
32467
12995
21168
13321
12753
1998
6527
3365
30294
30156
1231
29926
5270
29735
16359
16047
1537
14723
13284
29924
3536
17727
26191
20865
19466
4066
1991
22278
6313
25657
17807
27262
16821
12563
7552
21356
13894
6224
9532
29541
7014
17343
736
13486
29047
16811
6523
22599
32119
6514
12007
16330
23855
4691
12472
6984
5771
28111
474
2484
8725
22522
30014
26722
10097
15540
11430
32066
31182
14539
18444
21722
11992
27470
14996
7738
24939
7867
20617
32333
28093
17793
574
2135
15990
23319
13044
28556
25872
28788
23385
23812
29537
401
25381
9386
23744
6861
2913
19495
