25250
16036
25886
26221
22206
6498
31578
18391
23962
276
11905
15799
1715
7906
1628
14797
11425
22550
23523
8770
4791
18849
19816
25003
297
16231
10712
13797
24711
19665
21825
19605
25760
15966
27403
31407
22077
3346
27275
18992
15964
11549
19777
28539
19587
7425
23375
17984
21305
15682
23770
25670
7877
22241
10390
17409
32462
11784
28106
32423
3126
8261
18810
22119
18219
12233
9542
1131
23292
13212
2380
12529
11908
20748
17365
29417
9061
30502
11592
12619
25849
24737
5417
13519
2855
5791
29288
14585
11962
6590
30080
26123
10458
25553
32757
14825
754
4876
18290
2588
17216
7767
17442
24489
22413
8769
25533
30804
238
11666
16449
17369
29954
16861
19466
18061
21976
12177
4979
697
228
27285
15773
15173
26163
31424
12223
19381
3751
7579
9005
20649
1345
13626
10364
25492
16484
6227
3514
9956
16789
12733
3413
8943
2210
4825
24934
21774
22199
21509
22311
27673
24625
11849
27371
19508
23818
15152
21068
15790
14449
31135
2578
347
14036
14887
29567
29241
27062
29517
19507
22141
19031
1181
6082
26062
20543
23117
21796
14746
23001
12791
18261
12649
28760
31894
17248
30038
16638
32229
11711
3118
19173
17835
23771
30239
4200
25537
30497
14375
22807
17453
3443
25785
16333
1522
14602
23761
2947
13185
19841
28048
5861
13
24763
923
11057
2670
354
24993
28168
26988
3825
21190
3368
30101
18620
21107
2690
17031
7599
29854
1241
12142
1396
20006
956
16243
16639
23955
22551
27597
15941
24309
4732
247
2059
10917
17268
23837
14933
22784
20515
18371
16617
23092
26345
24433
29256
18213
24105
30207
16753
8750
11055
26103
15465
31378
26654
24945
20209
12549
4388
27534
2233
166
15611
1930
31221
4378
32071
23999
13775
15402
22153
1053
17358
12660
31137
30411
27148
1406
9025
15461
28021
31159
13756
5729
898
13850
14373
1968
23455
12596
22830
109
28761
9341
2998
28784
27451
31094
6075
32760
11390
27675
29498
2151
3127
11035
25633
9147
30793
2197
31011
16022
20228
237
25062
16070
11113
8707
18068
23085
3535
15170
25920
3294
3089
2707
13995
15994
25529
17853
26113
9004
6666
4737
9442
13610
13812
14738
3693
2215
4777
16388
14498
31288
10649
17500
31622
13764
17102
26859
23335
8927
13400
16621
20367
259
7881
29153
1079
15423
9526
17127
17332
14077
15640
4183
28279
7772
7928
32415
15589
6849
21347
6831
15577
21006
2872
17110
6845
30177
24143
12792
2225
21218
3311
18563
10057
18383
948
24823
32016
21768
3386
11533
6533
25738
24583
19275
21080
9985
14673
16825
24824
12437
21890
23473
11255
23289
3157
955
22394
27361
22289
20988
26417
5580
31526
31340
1740
14567
12482
10365
11642
11772
28257
853
8764
16650
28035
24769
9937
14374
10633
21810
22430
10941
27742
9602
22589
26892
21550
17073
3445
24118
4163
5792
11231
20509
26107
4212
21735
2187
2420
27746
12557
16934
25019
7516
29793
7069
19962
31754
20623
6430
27104
18651
15105
9628
30474
6725
28815
3226
8916
23109
11882
2616
5071
21210
25740
1480
6786
4088
26699
21427
27953
13496
19190
26266
2922
10588
31972
25619
21220
27626
1220
7986
22444
32332
5748
24575
19767
25385
23147
7787
28081
3631
8989
12666
10309
5544
9565
31380
21145
5952
506
12893
1067
32522
1229
32445
26451
26688
1503
15605
11362
30517
7467
23723
30066
29263
21917
23427
25276
13848
20352
18408
29208
31327
13208
30628
6810
3453
32358
8104
8270
11486
17773
13211
23545
21398
28772
32303
1477
26473
11476
1697
12088
26021
29240
16876
26044
16524
19485
8322
12511
11929
4637
11071
3086
28002
13802
14718
20769
12700
13783
15020
14725
27906
22820
26956
31305
11564
22911
27730
31096
15927
13772
13363
18987
25056
16108
23528
15990
4236
20630
32288
29530
21165
17217
298
1146
10149
32337
8634
7015
30489
26077
17930
11404
10053
31946
23295
29140
25114
22996
7355
16665
15013
14126
32195
18551
1906
19462
11193
9287
3708
31594
4086
10240
8873
24819
1474
22635
24296
19873
18841
19454
478
16921
32227
6764
3823
31308
25079
25579
24331
18125
6454
16454
18939
25866
30709
9366
19398
19383
3417
15848
24077
26431
23737
17398
32598
20283
27972
8171
15044
6007
17147
30922
17700
3555
30559
2974
1772
1225
28461
21694
17196
1624
23047
29460
29828
12318
4359
23103
27554
10783
6154
29694
30828
15371
12059
18979
7738
26161
14321
24323
16543
5696
24183
28042
10440
27118
23776
20325
8327
10518
32398
19722
8701
31897
11412
16010
21155
32032
1817
10334
22238
20178
21877
23378
22400
2765
126
9007
19048
18991
18368
18411
17800
23591
3414
23241
20995
26659
2344
18284
9290
16726
12189
29304
24571
17343
22422
21520
24317
12848
24870
13506
24072
18140
31456
15287
32601
1050
31963
10750
10050
15422
1014
24720
28608
3245
12162
29371
28804
15794
32132
8883
2390
6509
21983
32728
16114
32488
10463
19064
17525
7400
22634
19209
27697
11727
25885
25102
6186
1083
27884
425
21240
21872
9045
9494
7605
19415
24904
3780
18241
1163
20986
20012
8252
21173
6921
12229
20488
11917
12364
1258
15400
7642
2257
27699
12359
15904
3507
2637
8273
4370
8652
11337
9974
12776
4875
27374
18919
26165
14015
16011
4640
5229
10824
26935
32521
3268
24764
14852
17726
22114
193
28343
13563
31611
18749
23139
17353
15758
1640
8656
30711
17150
5800
25447
19495
16736
5869
22373
21153
3149
29798
6164
12470
28127
12085
21114
14167
18547
16481
27363
2574
7350
1539
3054
10379
13081
5096
30757
22212
17534
5690
13135
3809
646
2666
26154
26486
20612
23008
12701
19442
2075
7951
388
12010
23702
12501
17445
22007
28924
4628
10225
27871
10582
32143
29158
20894
26415
7268
19902
18464
7496
24324
26776
17993
8068
22902
30831
22418
28956
1084
22338
19106
29939
7099
19655
17955
13546
11543
25662
28331
26608
12816
19569
4940
28104
32114
32250
26461
32476
32556
25769
5076
5362
22147
32440
9957
6669
19175
28440
30107
20186
7475
830
14629
21214
58
29867
2371
11174
17818
4205
4300
30781
11195
20794
3435
29058
11885
16107
15776
26839
9717
30145
18771
25931
12789
21875
6296
32759
27980
31104
30537
15438
12382
22434
30682
278
30631
27881
9279
31393
29143
5975
6418
9244
11229
12824
25452
1417
14824
7129
5572
12872
23478
1293
20868
21563
5338
12725
15826
