28436
5509
27914
11712
19451
31254
29338
18164
2152
21584
29446
28889
14746
9748
24386
29729
6839
9014
16668
19456
14833
4292
8830
21954
20490
31202
31081
25395
20998
12669
126
26679
32457
4188
28026
21296
8743
20375
14780
28358
10365
14879
19636
9126
1460
18487
4945
25529
2780
22078
21339
10990
20917
1426
12067
12854
19292
16505
10044
4077
21677
29794
19806
23480
4005
3961
6944
14534
5560
19719
24500
23977
5498
9056
18802
18785
30346
30244
16169
89
12625
16581
19105
19293
16225
8027
28375
9271
11601
19154
26267
14832
6179
954
15103
25812
28568
2263
31551
11787
4880
12272
20522
26090
3656
20699
9696
9716
191
19203
8158
16473
17597
29703
14374
3984
25923
6768
27366
4121
29538
26125
19177
26877
6971
19189
30784
23831
17466
14020
8187
13088
9443
15389
25037
8217
32462
22709
25068
32120
32628
8003
31036
2536
1251
7275
17969
10095
12176
17990
21665
2515
14634
17447
11211
20089
24366
17146
14433
32038
14095
11766
31506
12379
13003
23161
4181
30028
5442
55
12856
3163
5628
26097
20370
24880
29965
16441
26734
4017
10910
27028
24612
8229
4658
6988
28781
7142
3357
21244
9999
22610
27896
1999
7797
26331
23469
286
15175
20909
4253
28109
2089
30406
18894
17398
29820
7933
5231
9312
5863
22947
7192
19631
10200
24066
20085
1728
31647
17063
31377
16277
7000
3216
13923
21811
21551
28774
30207
27152
29450
11048
9961
14858
14622
28282
7466
31839
32227
30323
21309
14655
32040
29310
25520
11358
28690
12642
17060
5472
3813
23900
18146
27788
9537
22486
2158
29040
10575
4737
5840
20944
21764
26104
8429
1626
18662
31886
8268
19727
21095
11484
19298
19075
25265
17734
19483
7294
31914
16082
11246
14444
27534
25429
9579
7881
3915
30734
18790
492
2280
22838
6614
7433
15954
18699
32762
27605
21542
13237
8380
10690
19067
28207
22412
27172
3520
17654
29295
16341
26282
1812
11315
31500
25518
14127
12162
3071
25000
25822
22152
9860
16375
17544
30484
24627
9144
30616
31861
29513
28251
24872
20206
16954
4360
28920
16256
21062
15014
19147
20628
8467
7969
12082
30268
26964
30874
10043
19301
4710
28746
12478
19722
4790
26442
29076
11240
10543
28269
14922
10874
21287
200
12897
17416
9559
20367
19151
3152
26646
32542
1579
1141
25620
18127
21499
4276
16884
5685
30480
16385
24330
6596
25679
12939
29668
4184
27048
23282
14284
30915
6362
14771
11574
19974
3249
14539
32614
24263
16965
20937
30979
11674
20393
25684
30134
8086
8423
22161
1967
27138
4656
606
17463
10299
21007
742
14248
21096
1107
11727
2081
28330
6292
9510
21082
20164
8222
12205
21511
16743
18126
3029
12720
3234
19619
27918
1330
8006
16902
32007
31597
25833
1106
12822
13838
25566
11397
27929
27707
10729
24318
12946
9746
1327
22250
487
1316
2707
2066
19117
13601
24897
2077
8877
27863
27730
28508
24465
288
13508
28481
25624
16436
356
11217
24828
25063
7885
21599
16319
17659
32477
17230
29281
3583
11250
21597
26367
23487
7104
30152
18631
25922
30662
9798
5880
14772
5964
3098
22091
25687
7705
16010
3064
6560
5852
15564
24192
22528
6558
29636
6561
13539
6490
5031
28577
11769
20816
12600
5378
19805
17513
7590
28122
12823
11887
4090
28618
15387
11815
29553
32385
10163
14376
22604
20814
8333
26300
20523
17095
3233
7120
27617
16850
4956
25041
2867
1407
4476
3448
20843
26817
24124
21077
335
17084
27986
11179
10174
11584
18713
27127
2669
29302
19761
22739
12489
32601
28626
24731
25685
23998
6334
7406
6472
23122
17043
23566
11586
23786
13068
18690
27739
22203
11090
18023
31435
7965
8270
20132
30700
20453
20125
7540
15969
4470
19729
30445
29762
16017
24842
26380
8070
6965
1796
19446
9479
19313
31796
29470
9933
1520
27417
22622
4594
18808
23268
2639
20666
22821
6384
31994
21257
11594
3301
28854
9184
25050
22898
25591
14202
30437
6827
2207
24515
27462
4239
916
13453
11809
2136
10025
3644
19880
11241
27849
15598
23568
8234
14525
6603
20166
30800
16055
1366
929
5172
29660
18216
9791
744
20689
14846
18963
16388
27151
12538
24324
9334
30796
988
17134
9393
5087
14980
11506
14896
26213
18891
24730
31138
26693
28671
6729
31288
32306
3824
14398
26875
1041
8451
10224
16553
17540
26611
19994
13267
18675
8111
19261
21153
7023
18391
11192
25060
2279
27245
824
28351
10
8595
1079
1369
3972
11485
32525
30012
16558
4628
29941
1187
27546
32574
30986
20610
26885
12158
29547
21128
452
5356
28686
15120
16352
32145
27027
27482
29726
20427
23237
16446
25087
28740
16501
9857
22532
4995
11334
32037
23352
23875
13575
12994
5858
14678
20978
16950
31980
13418
21809
17640
30132
6354
28004
23284
13974
30532
17205
14595
4406
4355
26929
22375
25483
22669
28559
1248
19517
2248
20750
24586
9705
16788
18386
13736
19562
15885
26827
18306
6005
25500
20940
17632
15241
10760
6139
15079
3699
5940
2049
5270
25952
29060
32493
21621
26710
5185
18619
1043
13986
26846
6891
13932
13682
12293
29315
15837
21969
10919
23318
7409
20094
6940
8432
26227
11025
26851
13375
9223
30212
12365
4761
30333
7481
16221
20332
8286
25121
22289
19267
9233
26978
8818
7858
19351
11136
2009
16048
13909
28987
21150
25796
2710
20801
2729
16075
13659
10505
22657
7997
29859
16320
22645
3303
10148
30821
18326
32467
4492
17474
9490
7609
9732
16865
27295
16828
16497
15252
20317
3483
11019
15232
21765
16321
18510
3108
8391
26580
14195
22033
28242
2920
10533
14535
15939
22864
5254
3577
10647
24068
9754
30378
5739
2864
4222
23879
3612
28712
18350
20433
15870
6976
14378
3601
23624
27258
11939
21983
16097
15550
16873
212
11704
31592
23328
26799
22395
30018
29031
10523
8838
17754
23796
8849
7752
25700
21502
22277
12359
9598
9960
22594
17045
18193
25558
2377
31181
8679
7336
23922
7944
25570
28960
5757
32284
9007
25410
20279
32304
18643
18248
2210
27538
4263
23780
19570
6743
6100
7876
30490
23739
4753
1402
5463
23423
1347
24416
18372
29228
10886
4316
14293
7249
6062
22694
12052
31613
29112
23212
2988
10873
25659
23844
12697
5348
31380
304
27939
31374
4168
17209
3420
15327
25444
11159
32374
12940
14406
29339
10782
25675
8546
23079
20232
2635
2971
14180
28411
8579
20800
19181
24216
1715
