8728
29657
14942
12687
4744
16874
6807
16725
18321
30630
3805
2638
6926
30200
9109
32619
5649
18456
8715
29505
27562
8555
13725
20387
4725
24194
12710
12086
32607
23564
11675
1444
28446
13823
19942
26125
19212
28670
9003
19480
7120
4578
29167
29356
27613
24310
26920
17965
22646
30843
2978
3866
14531
28109
8774
25786
31329
1284
775
16217
20227
25566
11671
30719
21371
23335
29965
7423
12855
7509
4652
25720
15427
23814
24298
28574
11571
8353
28003
13257
10396
1797
6415
27702
29413
16708
20461
17748
6987
11081
10926
5670
21979
31779
21518
25060
26117
15452
26602
23976
21767
8978
11175
1788
16740
1555
21580
26136
2197
11768
32456
2232
29837
9260
4736
876
20978
31101
29603
6662
32552
29824
3357
10019
32079
11450
28215
24713
12964
21624
21616
21409
21277
8248
24330
17399
21225
15301
12040
5741
4056
20710
20712
24007
16667
3361
14892
14926
23931
4371
20012
28909
19656
12126
18091
19517
23159
19479
19631
30320
29898
16067
31632
25992
17744
17081
19542
32194
17484
7217
18746
11699
18950
10219
8053
25577
10940
26840
4815
19946
16069
21479
18059
12479
11001
13637
24849
3807
19672
171
32492
29304
16956
25361
10973
32439
2296
11182
8410
29057
21363
27503
30433
18807
22237
9708
1655
29292
27233
20068
32525
12891
25650
25651
10544
10883
8875
21539
6391
4967
11889
7908
1332
24666
25226
24930
14446
9002
30844
24501
28823
5001
24803
7762
27800
7297
24236
5719
16195
11603
55
25048
7139
23261
2138
17383
32454
861
7620
17406
6433
3785
29827
23163
23324
27793
9851
20986
29210
23981
27647
29517
31154
22384
25328
21385
2376
19321
25396
4360
10931
8932
12410
26052
15724
23764
21289
32056
3518
12554
27486
7326
26152
10358
11408
30890
24255
23348
18392
3425
11726
32419
27573
32567
17392
14777
27382
7225
24587
17136
9902
972
28380
11710
26685
22025
11260
22035
9419
22534
10356
24919
13423
11641
26655
22962
7799
21669
29741
14243
1192
18641
7865
30701
1325
722
9235
23038
16417
32536
7785
15994
15809
4182
5390
9830
31660
29934
26006
1901
31248
9949
28736
3748
7807
12671
2457
454
999
16301
20046
22125
11176
15864
14476
14389
30274
17613
27392
7205
1588
70
24729
290
10428
1653
15478
5364
3570
21344
16088
6271
32687
18081
15428
11224
5087
29751
14051
8605
23830
3014
3356
32312
32113
3377
7226
3337
31787
725
18668
12865
3650
3738
18033
19359
23587
21142
23135
4259
21147
2029
30651
2242
19522
20763
472
11827
6438
16849
27459
22868
10504
18043
25884
1603
11703
2338
1648
25213
24094
31272
20948
21132
6827
5975
28041
11348
31605
251
6244
18286
19347
19094
30973
17209
15558
18042
19689
6563
17539
9608
11198
30375
1207
13019
27707
7159
12140
1389
2884
3595
19286
8173
29621
9598
29011
7349
30646
16600
14293
7928
29398
24697
10473
21105
501
20739
16190
11998
10276
3680
26076
304
12538
27257
15388
20885
11010
26870
25271
21077
17575
3459
4503
19709
12872
6984
7058
10258
2808
892
6218
1696
9546
13256
1338
24967
29035
14620
17876
30194
28564
19432
4335
29374
6593
25889
22567
29364
2468
1868
23661
13575
18765
9372
11917
21247
12946
4448
9293
11111
1345
11528
19883
22652
18961
24038
25664
4852
27068
5858
29161
25502
29890
13721
21250
16365
26850
7007
17979
24929
23430
22903
9531
15914
25158
14046
2628
6233
31773
27413
7233
135
21549
16163
7296
29592
4107
5213
19818
23639
9221
15261
17247
10578
25070
27202
4798
12399
4053
31466
22127
16717
16198
25248
23713
443
11728
9560
30806
20305
22608
6200
1967
1063
6317
31713
6974
32717
6815
12817
31440
16309
24584
22667
14590
21351
15370
7312
18857
13313
29079
15962
1146
12960
13603
25854
4956
8855
17865
23664
581
5931
27625
3398
28810
3589
8436
22946
1573
32343
11294
24168
3148
26407
32222
25137
7146
32251
22535
13810
1235
22853
17894
22682
7280
18965
11600
16822
29883
1811
29075
8967
17277
30557
25318
15835
15063
26238
29602
20345
27577
16589
13808
29323
27365
16971
23946
5543
24799
30430
29924
20785
11504
8854
23147
2897
19687
19877
14281
26535
20536
508
23306
4160
29889
14140
1511
16893
23053
15677
16703
14905
19547
13794
17094
26295
13523
14388
22986
6772
1390
26010
32510
9247
10709
6520
30829
32239
18786
31939
16622
30632
25770
21067
5372
31420
10865
23164
20112
1600
23494
19663
10788
8816
31359
28249
15109
24669
30539
15537
15667
30836
25064
23571
3897
22997
11598
14556
30911
4700
9820
22441
15577
30702
11774
26571
30912
9194
8161
20463
12617
12940
7531
9250
1262
7567
29021
17529
5093
17533
1010
9946
18064
9082
7243
11977
13615
18582
4520
6090
28029
18803
12684
6060
23697
1595
11306
813
30187
25829
13309
6837
26881
9779
27169
20437
19941
28832
21700
141
19950
6758
4903
6175
19705
19296
11909
14850
12729
24774
19651
17480
7172
18184
18378
27956
908
23528
17477
1106
10898
31706
30470
11865
7892
22260
7113
20403
23360
12257
23847
21433
21485
16821
3991
21917
8764
19928
10304
19659
4730
15145
20501
19148
8098
28399
28466
14363
27082
31263
9791
29059
16136
9852
29818
11472
77
3043
1081
25091
8544
10852
12997
2521
5921
25561
11742
8540
14479
13392
11268
23928
12311
10922
6103
5306
9662
11687
13744
470
7898
2091
7166
6072
26958
2636
10089
5095
11643
10567
4356
21245
22244
18594
11466
6182
27649
14743
744
24158
29929
23118
28162
10553
27595
24506
23624
30790
1191
8776
363
228
14631
22231
26198
958
2889
2015
14659
15464
4767
30734
2789
29179
31016
23849
22880
22555
14722
17210
22612
21450
12084
31080
6493
13734
4720
28658
2455
16576
27025
10055
14230
9338
25607
16793
30074
14203
14234
31516
6305
29954
6512
23001
17766
3633
1546
21908
2997
19595
23786
10630
13371
576
6888
15624
5174
345
19537
2270
14087
13959
17514
25294
16213
26311
23365
16155
27549
25788
18253
16277
27453
30066
19988
3910
28944
10974
12490
16841
9860
18955
17975
29731
23975
6015
26846
21640
6820
31243
20027
24318
6715
27540
3480
20806
12017
14270
1400
12981
4212
28499
32212
31504
20328
30888
24572
29865
24749
16997
941
162
9065
5715
26847
2678
4718
17163
13664
14774
20336
20718
4984
4470
11135
16987
28781
21725
12521
20834
9656
31362
