11535
11924
30818
1547
26561
3920
30074
3915
7487
31647
12835
27403
18981
2603
23529
7596
5881
6857
9783
32108
8658
26462
14521
24623
11172
26291
19799
12469
19232
2421
32684
26032
19103
10796
1640
28974
2674
31282
2906
8290
31484
26303
4309
23344
26730
9911
19653
20668
23059
1123
12833
13008
20023
3373
13365
28530
21669
9624
15682
5917
26232
28124
7108
19885
20478
28427
24501
12788
7452
9230
5128
12302
11141
300
14985
24227
9313
28089
30734
28976
20092
9495
4000
6109
28988
8190
16394
11124
9786
16269
29232
31730
11694
14771
379
11503
21355
2034
16378
3176
25394
22415
13459
8842
7775
17142
7213
15792
10502
29085
28590
13659
14335
4869
11059
31063
20490
15974
18117
7901
2094
29975
559
14717
21829
743
23057
30884
15993
14161
23048
10717
436
13752
21325
21758
26971
31519
28347
15551
25725
6211
29618
8331
30385
23526
28294
15623
14166
32371
13313
15727
27450
26081
10155
674
4591
1417
13765
15295
2297
17301
31807
16821
5780
28354
24885
30401
10979
1741
29651
4728
20036
24196
22127
20904
6144
19563
4206
20623
14475
23807
26490
22075
4651
3950
23582
10002
29021
5939
10469
757
15099
6876
6846
21786
27522
4888
7847
28952
24172
10395
4293
23510
1041
27224
27248
20392
11712
8546
14609
11847
27837
24763
20210
18714
22441
3136
22150
30124
27624
20105
5408
30648
29679
18570
4506
12388
11805
5330
15980
15920
29567
9653
9833
27603
24609
20220
24004
585
23491
30738
12122
31790
16590
13246
24896
31096
15907
23332
15363
2355
24572
25231
13049
5654
25176
13773
29500
29661
29108
14488
2778
25839
2763
19007
21376
27960
9702
4217
31544
29549
24317
7367
31754
17699
10573
22515
23917
3005
8285
9820
28801
3632
21551
23431
5391
19804
19224
14798
5807
11987
25588
19295
19904
6538
18156
8351
20352
30572
15676
24889
4514
20710
27452
28855
20171
27626
9329
4632
13485
29035
16111
16071
31801
22700
10690
2829
8967
26168
2206
29501
8007
18996
13235
32498
8269
17619
2890
8168
25490
7259
26893
19332
29866
15492
7260
19379
28846
16554
3404
1355
23983
18167
21034
5110
30659
8629
31376
11139
30376
13507
11522
13303
77
23018
20586
2389
15467
30417
13412
745
7918
14911
30942
24658
15841
24639
13156
20543
30714
32154
13275
28480
14968
9515
3121
27520
9260
10813
11728
8454
18373
26423
9325
31325
1311
8936
20252
5551
15723
24984
16841
10554
20648
12280
28771
26969
18585
15180
25268
14511
8330
12782
15332
13241
3848
26104
9516
1206
5638
4332
30891
26021
2973
22007
31650
31865
3628
5428
16752
12288
26478
25411
29304
16953
2442
29112
3038
7023
9154
22879
30190
3354
25569
25399
8941
22750
8841
4688
3223
3564
27834
26308
21506
24082
14993
31822
5619
10536
28819
10352
13003
31624
8678
18602
24322
19672
16355
28655
20176
21653
19539
32383
6865
10773
24861
30815
25749
11446
21359
15506
29126
21926
10834
627
4040
29793
20467
14589
2785
27003
12077
18285
21560
514
27187
15759
21000
15050
30782
29836
7603
17855
31606
1256
23697
31960
4313
10657
6347
23310
26655
29930
29587
14194
30162
15446
17391
15381
11296
8712
6547
26968
30955
11370
8742
8961
31803
1991
18186
21765
29856
3629
25113
3284
15353
20102
14409
12348
12265
29324
17501
20038
14626
22786
13857
19465
24150
23499
19277
23439
21136
15202
9305
18862
12212
10591
28265
2171
14515
16404
6786
27752
26152
56
24186
19228
20640
11452
11864
31928
4331
29099
18734
8788
30602
21287
31856
7177
3598
28445
28291
30306
26602
23014
12560
8608
5150
12939
31733
5499
15204
15076
1314
20262
16935
25996
15140
5033
24954
9179
30678
11721
3454
31931
23101
10411
17688
24399
15380
31425
12589
22335
5046
1668
2253
8533
18322
17219
24771
13667
11903
15557
31246
14378
8258
15412
31124
12822
6813
19535
27254
13650
14784
29273
26545
11495
19753
277
29355
19398
10503
9094
21224
14708
14750
10208
4884
25253
16628
5495
19512
27900
23425
1080
8484
12096
25632
8072
14438
31091
11618
25417
10622
17821
5168
31938
32519
11831
29349
13525
25308
22160
5961
3905
13555
23944
16466
28990
26097
10299
4030
7357
27916
24621
12371
11211
30022
27533
5880
12712
25114
11998
10650
28900
17847
15619
7428
12290
24712
23932
24362
11997
31266
7319
28673
21937
32593
5272
11409
22732
19322
9351
1233
25694
27072
31612
22487
23271
9383
26575
16457
5061
12704
10388
31705
14283
25872
32297
18283
3095
15631
30108
11207
19860
30841
16545
31304
25657
27373
15589
12676
4742
15010
31666
10021
271
2577
27102
28353
12446
1536
21350
10682
20650
23294
29628
24001
11380
7198
13970
4782
4342
6643
26018
3159
29468
30148
25192
30038
30060
5133
7497
3243
32591
26651
23636
20890
21023
7801
18671
1935
27730
13436
6168
3589
28337
27543
23599
20748
22270
18154
2083
29263
31701
23400
11435
21679
6041
25818
5609
26207
10743
21729
12598
31405
2732
18633
16020
30413
444
20117
8132
3189
17208
9630
10373
31800
22892
28114
19154
14076
5755
20956
26666
29140
9655
11347
2363
29963
19822
11195
18989
23220
9709
11693
7877
2150
976
17866
8265
31586
30137
28509
15580
1002
294
20103
15756
16866
3097
1014
28446
18093
16187
27797
10658
19420
30968
10705
3634
3643
30792
18453
10385
28826
3714
17572
3016
10589
20809
29378
30947
21004
8358
7375
8451
20421
1583
22045
29404
3078
26537
31245
23886
26863
18690
27720
15022
15448
22905
4645
13209
7442
8652
21215
18622
32180
9855
2711
21562
25084
20609
11783
11580
10356
2512
28835
27082
4797
1467
7315
7233
23085
10290
11724
27507
5847
10366
9352
6050
3273
25083
21709
16067
8016
13341
1320
1588
22167
207
19540
26634
1272
24911
9766
17031
30901
299
25522
9917
14292
74
18658
26424
10263
26923
30636
13327
9726
12154
4701
23001
26947
13307
2289
6903
20087
15596
5085
17713
10983
9924
1874
27175
17994
27205
626
7499
11841
23818
14549
27789
11929
1838
16673
32037
14296
2642
17579
22544
14332
28090
314
2533
5870
10282
30725
19639
29036
5837
20691
11843
2264
32016
30959
20060
4864
15604
20292
27663
13068
931
26042
32204
22413
16496
17210
552
21402
14079
25999
31138
17398
8638
18992
12299
27287
25942
5354
7311
20452
18506
19222
16737
9846
2602
1618
14102
20270
29415
19131
9388
