12181
9135
6577
18575
20399
31549
9761
23051
20354
3430
10729
21459
23151
8902
3462
26423
25950
9270
25120
31521
27485
20578
447
31988
12722
10266
25563
4270
5050
32509
22328
10535
30540
26094
22938
32465
20322
6827
7172
30260
18952
2226
19393
21111
27065
11787
19222
7591
2406
22564
23529
6539
19591
1347
6062
5801
26069
26723
15400
18769
20764
674
26505
27618
29762
375
29609
12647
29653
16974
15971
2178
24659
19722
26584
1609
24550
17598
19578
4494
8520
27951
26110
28889
9880
9023
8264
25147
14537
23407
63
25526
14437
26359
22804
32472
5086
11474
26989
19320
6862
23363
13067
25240
29555
31970
7596
32596
11729
8146
17555
23092
20836
25554
468
27791
16475
10419
978
1983
2385
27461
32446
26118
19556
15181
23322
23491
11130
10694
7654
14640
10702
26457
26051
7957
23107
45
26297
10394
10406
6806
8124
2018
32174
22949
24836
4492
8938
25345
31595
12759
11113
24121
26848
30393
1416
23188
19147
31265
27732
17171
17769
2756
16654
15413
8748
20050
14711
5203
1179
5363
16319
30932
442
26306
4009
28447
21319
18532
1642
7558
18595
19867
16443
19469
27382
13566
14005
14909
5075
9278
22906
31058
22228
23307
5945
23221
16053
26139
23005
8091
15264
28766
19581
9332
22786
15854
4370
18983
11002
20141
29056
19266
24656
27533
18710
9340
30023
30693
30122
14459
6578
26578
15039
16759
1138
22774
7932
22007
20235
22892
26225
4340
4135
32281
4504
26136
24109
27082
1157
3441
6012
17720
24303
10912
16711
11783
20964
24777
16819
2613
22199
28958
7232
18920
19013
7088
27854
14978
24386
29168
27703
4695
25205
13661
7003
12013
23695
23281
14355
32012
27709
23312
24450
7556
17845
32489
22822
31615
17900
23911
20066
4860
27936
18520
12257
933
10725
21112
29324
18047
29960
11918
16761
9564
3454
16185
7764
31247
29291
19858
24512
26627
12184
17468
25725
21381
15156
3449
31968
14611
14852
30025
32646
10855
5305
18026
23138
28003
12426
1079
31668
30857
11080
9253
28919
4684
24260
13574
28067
19463
1073
19721
24192
785
6797
9691
30178
24087
16393
20834
11185
30202
25944
26098
32115
14298
2318
6006
11028
19344
24094
13911
31846
28895
2315
10999
29808
26600
507
2950
3159
28865
2871
29904
5699
28511
17457
30545
13118
22460
4077
7828
4618
14501
6525
26591
1489
27738
9171
1036
20024
13238
8217
831
13185
9660
19579
13300
2956
16033
13323
21561
24622
20271
28667
30757
5639
16388
31091
28641
28234
2128
23012
32586
21753
24638
3725
10941
26595
8356
9558
7342
27861
22339
27612
31133
25462
12689
2168
28650
24513
12088
29183
32069
26475
23949
4546
14144
14066
7620
31912
5728
11224
23120
17895
16538
31279
4963
30640
3027
1017
10080
16899
22807
5747
30490
19457
19691
942
600
7380
12405
11200
19508
22203
5976
13692
15083
12281
20433
16036
4854
7769
16366
8456
2780
25503
27685
22090
15560
20362
15833
4082
9764
21340
20489
3247
5826
18080
23114
9598
10474
15334
4420
6920
26564
11421
13154
10964
15070
12403
6469
29955
24579
24267
9072
3136
30889
2483
7787
12137
15719
13652
17683
28103
17667
5795
21669
17245
10887
23863
31074
4677
28639
19132
532
31155
345
17513
768
14853
1941
7895
1802
9736
17145
26186
24686
18818
21619
1767
29023
6857
10871
1409
23762
21640
22069
31284
20375
20535
24975
20166
24912
26242
22214
10154
3631
9815
9875
31188
3819
29399
23264
5983
9834
10628
29474
28080
5509
14384
16256
27611
9498
27670
24541
27305
19782
29029
29551
15020
13180
31105
21942
9455
1378
22220
24978
13725
25484
24478
26832
28005
24182
15561
24623
27032
4906
7452
4110
14641
10171
5676
17922
16767
15066
11255
13730
10985
26678
8016
15394
3921
910
12825
9850
30875
31371
32482
32075
15220
21517
7934
14500
8830
24298
4313
12324
1944
3762
4789
8008
11177
1568
1072
19402
15907
22575
10992
7226
2349
17482
703
1292
5619
28894
13430
18901
28831
9866
31498
21308
28229
20756
3741
25262
23390
15935
9394
14239
30038
9046
6433
25280
16635
19712
7478
32344
13021
6689
11075
26053
30755
8247
10503
26413
8001
13229
20757
31356
7045
14399
15355
30404
8900
15997
31926
15033
265
4056
30143
26739
26001
27931
3217
12887
29310
10764
1254
25746
22744
5707
26676
12296
7116
28896
27423
9446
6957
21180
19924
155
22243
14372
24147
8216
31187
3526
2561
8276
13060
15649
31071
31862
28646
4930
5740
30904
10653
23248
24011
234
18757
14060
17926
1278
20099
3875
26985
7739
24272
3210
13981
11060
4542
2060
28701
15053
32707
13505
26097
25965
15453
17879
3722
22256
21728
9808
18775
20073
11951
21882
11967
30117
13403
30917
30919
4020
5687
13260
26371
13495
6676
20744
17357
5185
1582
13867
3082
571
2364
6403
6923
10060
27454
2768
23877
9928
20477
23991
29443
4485
8493
15377
21098
14293
8474
12897
10918
3416
17751
9768
1824
2900
10422
7641
4697
4334
31255
14246
27799
11423
24195
21196
2929
22252
15352
4196
21650
19005
20210
9190
27439
672
7492
24090
4985
12619
23471
7050
8422
5361
17731
8261
13012
11942
19861
17945
18144
10675
11088
27665
22458
23260
18450
23866
2686
173
4421
4162
10349
3492
21563
19080
2211
29728
648
30047
18226
31144
21410
11533
25333
16964
16924
32006
14509
10326
22385
4274
13128
22702
10636
4966
19886
7847
28145
20038
21979
6873
24439
5062
10407
22764
12687
3751
31784
13500
27965
26369
19918
17678
11194
6547
8305
28988
4734
29117
12135
9687
8686
25959
12510
19742
5589
12853
4683
18028
6350
16127
146
14457
22494
5521
5288
2932
7657
21276
26973
12978
25170
22427
16358
19230
18546
14329
29241
1694
30445
31487
23106
3493
18916
812
32681
25347
20380
8027
28773
16507
25955
16460
11287
14218
15004
20090
17277
21837
6413
30605
9906
11913
25574
28183
18051
1320
19980
25787
29629
28593
30721
10384
9559
6924
26392
10108
13225
8375
10745
26975
4810
26425
14523
20791
12069
29442
88
18390
591
11125
31414
13107
5307
23078
31452
19874
25213
29034
7714
16232
22499
1446
2311
27468
29567
2550
25936
24559
25735
32476
2072
11596
16823
18053
22596
24320
852
19169
22479
28084
14254
5930
19240
30224
20671
1128
14833
24676
31509
818
9812
7083
12498
6116
17721
23896
13572
7638
29992
27701
2860
14514
