3383
8798
9260
26009
2254
8121
10668
30233
4174
21322
25518
4481
29672
12620
10563
26196
24734
30197
21059
9831
8939
27596
9298
28715
891
17137
31652
5449
1994
11206
18589
22955
5906
14355
23697
29692
21753
8513
15333
4285
8003
16800
26714
3038
11227
29451
12363
13375
6361
4179
19177
9103
32023
4829
29539
18099
14975
28968
11936
24082
2347
22553
13018
9707
720
468
14094
23056
31723
3237
31403
12725
1998
4976
14766
8177
14111
23706
21741
13967
13537
4560
19787
10741
8670
13943
24087
16484
28450
16814
18390
28754
14208
31779
1817
20408
27147
4312
6703
13587
27429
16059
8803
27715
5381
10074
9637
16665
14459
6025
4056
25407
22450
7738
5155
21319
7602
24999
11763
3792
7720
17196
20955
16330
1044
13395
16428
30931
9727
31189
29356
20547
12845
13854
24457
22454
19971
8095
21228
27694
31117
5935
11820
25078
7788
11515
31771
2972
13456
29520
6741
10483
26284
20723
14045
19722
7451
29145
20653
28399
960
30365
6256
29317
12195
29108
18328
8393
10648
21239
20690
15218
7384
15534
20924
14645
26098
31265
20544
18409
20188
31082
13231
29000
4967
17345
1517
4616
22888
18271
1549
7804
27978
17329
2965
31609
2204
30777
13294
32217
9007
22872
12001
15299
29119
15792
4773
17435
32101
17819
24322
32709
30301
22787
15536
16293
6058
963
11041
24368
20617
14302
14759
23145
32393
5496
23753
20849
1486
9532
9110
9383
718
28161
15178
17188
20778
28881
24300
11
344
23287
17484
16021
25606
31490
21935
4956
24146
5829
29705
18655
25798
7725
20914
20918
22904
15573
22170
16617
7674
11445
29716
25347
17172
31252
30157
11331
6958
18601
29850
8831
32049
1263
26977
7008
13710
88
5652
4833
28034
15776
25406
6497
12234
8635
25617
15402
20531
26245
12098
29320
31697
19956
20928
22649
4521
24254
628
20021
4090
29607
775
31027
31325
11034
20459
10738
14050
21641
2111
4183
18128
16661
24977
22253
9176
26868
4160
593
14675
17089
25153
26519
6856
24873
22811
24255
4100
29612
20583
11852
24535
7213
19810
32138
7120
27891
24908
24284
1579
7334
31187
11077
332
8926
23673
26723
13051
30514
21032
23119
31861
31719
22939
10330
24905
16104
16775
23309
4902
26000
19427
27319
5998
28698
20597
22139
16003
18759
14173
31064
3456
18835
25532
22431
3084
2271
22020
23587
28587
23322
15634
26976
31364
31051
23875
29647
12309
28397
21754
17302
30266
18438
9034
24441
31784
2740
11430
25831
3929
10885
11700
26503
1943
21350
210
6919
12834
27369
3596
3927
29619
23962
31093
13188
1198
29003
15555
4260
9473
4343
27361
31066
5426
14833
2519
13626
31419
27934
417
13
30164
16005
937
30518
31078
9692
5102
27240
25404
28583
3496
16705
19676
15571
14183
13291
721
10007
25696
14123
19138
16344
20054
32120
19903
14719
1301
19230
887
31129
19584
11118
30305
13105
27605
9871
26298
14435
11733
446
15686
16015
12645
32437
24984
5143
8149
13724
1706
26974
11381
9494
31504
31940
23401
9233
5279
32260
21103
27861
17555
497
10179
30271
31018
15041
6953
11533
2054
7948
9619
22482
25190
1558
14254
19698
28772
9839
3427
21154
577
2961
10381
14788
18126
30181
5944
28819
7256
31705
3694
31848
1326
28307
11580
32082
6739
18741
2933
13623
19897
2776
15182
32586
10485
10173
21672
8722
27014
28377
18046
4619
5950
7425
16204
11501
3746
3409
20786
16904
20286
13558
2510
19973
11319
31826
10347
12672
23989
7510
10931
29096
24190
7406
1775
28674
6086
20464
8439
22046
2579
2297
10951
3230
12466
3210
27477
2632
24819
13839
5940
27461
7101
8403
13901
28883
31786
20578
8091
26080
5681
8028
3044
1303
21732
21552
29828
21737
27030
5502
16941
30353
16485
4215
11069
1077
8148
22698
18845
16886
22533
12605
24047
4941
28922
28159
12517
28079
29357
31840
16535
3208
18675
6296
1607
18536
15113
12734
4344
10523
28096
6749
13745
24001
8380
11523
37
18681
611
21999
12805
1416
3734
24728
10481
24889
25317
9592
2560
23488
5370
25085
6879
23930
18
29945
22716
21175
3589
26384
18525
31651
17735
16882
23932
24360
688
20504
6136
349
19
14763
30597
1458
4479
11207
27340
20784
20385
17310
21559
6007
29508
4550
29193
21878
16586
23040
8245
29969
8234
9837
24442
10075
28402
10502
16865
786
4
16873
26396
27113
7975
29807
26527
26709
9905
14382
20013
23374
30724
14353
13622
13657
31326
3938
298
19291
24299
5881
4396
8927
26187
18842
28097
6109
8808
1280
24920
6786
1859
14911
1398
26359
17074
14235
9690
4772
567
8183
25643
3976
9680
13088
17576
16515
9925
18093
6044
12753
18021
6065
21839
3795
21229
12281
31659
21222
12354
2351
351
19257
15392
32249
13084
24927
27428
17456
26309
31155
2946
14848
10762
12046
20868
26552
27364
22768
2570
27723
21207
4313
4861
5777
9978
6543
2626
18871
23500
731
1686
14626
17001
11028
12758
21476
8608
4798
20292
27977
6114
21571
31594
20610
30385
6059
14536
15787
17305
16947
22865
8826
17776
2159
8210
4431
14195
13242
31224
11405
15785
8679
1429
13418
3375
632
19389
8585
835
30944
23972
30696
11351
31377
20145
6905
19069
25788
2384
6091
20455
17503
4469
22095
29657
28262
24258
3940
24781
20061
16790
7464
8055
20281
28298
16747
11385
7644
24924
29781
26618
18975
25639
3045
1069
9431
9042
28496
18720
11094
21612
20827
8044
24002
32370
7160
11116
18977
14091
29794
24808
28843
27792
32223
16273
23501
28577
3190
28945
516
28280
10642
24189
13310
12403
1793
18739
16630
28493
22559
31316
26362
11045
12802
5969
22840
12424
2237
31270
12335
28143
31437
4580
5761
21517
7764
18466
3704
21230
15355
18125
12824
19463
13373
30793
17791
15610
29528
16711
26162
8491
6167
12990
26486
14366
29156
331
672
25202
13990
15097
4460
27494
13022
19421
5799
26577
10495
23301
23511
623
3763
14553
30144
9053
3556
21311
29793
1581
25480
17278
3820
9661
25846
18203
23494
30042
16619
14490
7037
22032
16347
21535
11252
23247
1372
28600
15044
29472
4568
3037
21199
30255
24680
12405
6623
2211
25869
282
19456
10943
6422
24217
13905
12117
28099
4954
11349
26323
19058
25887
18588
11965
29796
21134
315
26424
11096
17992
31666
26139
5642
8118
25752
26779
15406
21829
26265
30588
3598
8874
17482
