3955
2784
15374
21140
29404
26870
4165
22111
23769
20324
18898
7978
8893
3638
24160
8156
3152
16830
13750
11612
20898
29398
22263
11818
18985
18533
19571
27159
25722
13993
29696
10378
7591
5613
19866
12904
24427
28711
29139
30554
23638
13443
15897
5622
30394
13174
5920
25900
6011
26287
14397
22351
32387
12639
23330
21598
851
4475
27498
9191
30242
27632
3571
22400
2878
18509
6326
22062
10219
6469
15220
14403
26212
14187
18515
21623
9447
30306
16753
1784
9289
25817
24571
31850
31074
18289
19056
7162
8914
30264
22183
18833
24192
23062
26744
16546
14907
25743
23737
10423
8861
29146
10475
30000
30526
14081
32559
31631
32372
17732
29523
17040
7629
22905
19813
3591
6471
20070
9393
2231
18153
25392
26116
18878
2749
18100
10738
27521
30177
11186
2052
14487
18182
28581
1944
9195
17853
29904
14221
253
1282
24758
5695
19291
25663
15762
7501
29717
14486
19524
26161
27551
19853
14979
14534
24859
17552
385
7270
31618
23465
13470
10122
24620
8631
7204
4724
28651
3987
18376
5635
2800
2580
1701
5951
6681
21741
32356
23682
24817
2734
21242
26727
8832
14027
27343
1180
2016
8852
15714
7843
13483
6475
25451
24167
714
28810
8754
32673
13197
24454
25515
18309
29752
28591
5790
867
5324
28670
27445
2421
6219
26095
9849
10336
2425
32734
20792
27883
27252
19179
9260
5387
23685
15299
26675
16891
16540
11427
2932
31826
31025
31322
3478
20640
17657
24772
25079
6001
10640
23977
4949
20010
898
22030
38
10044
19535
17065
9335
26029
27173
10063
19472
4015
1868
27509
29943
9580
16212
26270
7796
5512
23131
29724
1019
22467
2389
29894
22844
24549
26689
10696
30507
18424
17018
12075
12153
3939
1476
8982
6816
29301
23159
24115
30595
27778
16652
16077
23405
9367
11749
11288
30027
10448
19333
23308
27878
17773
14124
13641
4334
28015
29662
11244
13114
29439
7558
16202
22588
32499
23097
22015
27541
22267
14816
7664
5343
13158
24400
30516
22427
26183
4928
29025
18910
9020
12736
3438
10731
22502
9460
32638
30184
2401
492
20928
20313
6142
32630
21983
2326
5124
2285
11192
15206
10031
31357
21467
25383
26110
7848
24250
26609
22769
2491
24383
12309
31194
2439
16082
25634
9179
5198
26978
25103
4810
19180
831
24185
23000
9547
9869
26907
10198
12013
908
20478
22229
5471
15801
16874
29266
16796
16701
24931
31336
16222
11860
30253
15080
8592
4775
26532
6050
24395
19854
19388
23695
20726
5933
19239
23120
2877
28317
5663
14017
17857
1565
18333
10101
11061
5366
22347
11527
20385
6116
14885
7493
18519
32055
5192
7055
23059
24404
28351
6361
2333
11272
2925
31726
24723
7665
22899
19415
25296
21880
18279
32478
12486
5558
24977
10149
3642
19975
23115
24325
8688
7490
4689
20709
31397
20378
27553
9692
19707
7444
26398
14985
29010
2756
18345
15211
26010
30093
16682
31812
23241
13851
24348
28337
9628
30174
11406
26841
25120
17452
3659
28389
10509
12738
15281
9915
23935
27673
28817
4036
29033
20204
14632
17352
22506
10343
31790
25573
1428
4301
6389
21289
9812
28006
446
25770
10567
129
1887
5002
25648
3922
12242
6113
5726
11402
30569
8986
6495
32704
13355
10392
10383
18209
13765
29698
10474
32316
16145
22175
29828
25092
12118
4190
21404
1641
10171
1545
15811
6126
13712
22049
28225
6796
31890
18713
24535
5304
32239
2429
6614
24775
3183
3776
22632
24763
10466
27942
27257
24996
29239
3817
24835
22536
13420
4122
32578
17710
21801
24146
505
14898
7948
3701
31911
6020
6635
10760
7152
13959
21972
13214
18702
7342
6092
21503
6366
11293
17151
13990
22147
22020
9272
31315
6912
23697
16088
17432
32745
28739
27686
29225
19001
1751
8889
4444
10421
9579
21282
20622
31531
8649
30011
25657
3030
13340
17779
23397
30065
15912
7452
13618
7035
26342
6117
15853
12083
11661
29695
13670
27055
15092
10824
29209
18541
29367
10162
17495
18738
20338
2790
19848
15494
12327
8947
27020
1879
4697
17640
14383
24241
23646
5767
26485
25988
12743
14147
17286
22628
22330
28917
10123
4466
26206
42
2725
8899
15418
23891
22405
23635
7350
7123
6666
5655
30838
993
31704
26810
23221
15611
32238
28363
3777
14537
27777
341
21351
9043
9340
21178
29871
3621
27613
31993
6784
9941
32460
27058
456
8353
2488
30965
28140
29870
4931
6786
27433
11598
18893
10891
16089
29137
31015
31882
17007
26243
4355
889
4624
10503
13322
13835
25922
27377
4236
22078
2417
17134
18764
31120
29262
20575
26229
28033
10027
12484
9693
20630
9466
7454
9015
23389
25139
1094
28926
7449
26442
14242
11961
502
21134
22907
23157
25841
22924
8131
29897
17786
19874
25323
1764
22134
18014
23217
25874
27605
1368
27375
16906
7702
12247
11609
17976
22224
13926
798
24592
7399
4649
20789
31902
7499
25031
22833
29348
23067
1493
2360
7788
19197
21554
31836
30822
3916
26595
9040
26034
455
3982
13759
16333
1799
8747
12631
13436
21658
25002
21903
12384
21142
18960
23956
7902
4216
552
21348
29088
30104
18325
27024
7109
31437
9028
4345
22205
6832
15499
16634
18903
5539
17745
11521
23553
32264
13686
5289
12990
27790
1209
18908
12871
25969
1537
26418
20045
26661
22666
32517
738
31661
24819
9392
25944
6029
20049
30715
9676
14319
22244
25130
24226
9782
21203
1899
11350
12720
25599
23043
7632
26305
21071
14966
18977
22647
9383
7566
12417
1162
24884
31953
577
458
1394
7772
1801
10957
22539
7077
12590
28657
32417
30720
2727
21319
16889
605
13447
6260
8071
20135
22946
7862
11887
27451
13368
20315
326
25504
11656
24838
3811
7282
9174
17946
14207
8618
30586
23311
7858
21901
25547
17952
3647
4222
5153
17287
25938
5814
32754
26228
19563
23250
18802
4317
31291
13586
27182
27982
24718
1890
12022
12190
23243
2898
27582
21570
16418
21489
17401
14674
9658
9534
22537
15047
25455
31277
23306
15879
24306
25693
2550
10561
22124
18112
17468
32676
18621
10316
11309
6938
27945
16050
10716
20188
11273
27361
19969
27970
16719
23438
7313
23123
22063
9913
15501
10367
7963
20937
16266
8759
27972
17497
27513
4056
30510
28472
7900
30298
8228
1904
14450
17688
6250
22683
16779
4462
3728
21413
1857
15395
15445
20438
26509
7377
2117
19413
32614
11099
12389
11979
306
22356
3543
25252
10084
25293
