28821
3959
17171
16597
29007
7237
5850
18136
18425
25574
11415
21533
20238
18105
2468
14432
12042
4110
10652
20214
1987
23870
1547
21508
22259
27031
1240
2567
16662
29105
17694
26006
11617
9796
31046
6648
12563
3252
32759
17909
1744
25256
20878
22148
24918
1051
13485
28535
2435
27923
22799
20467
30582
831
27221
3716
16638
11775
829
63
5267
17890
9977
22294
26590
28500
28186
17861
10986
16412
5957
31178
794
32468
12236
23398
22461
17901
29210
20899
32088
30264
13997
15839
49
6642
18018
21755
24668
20006
8497
2080
4069
14304
5118
3061
23425
36
4826
8710
6105
29368
6571
13693
5948
26198
536
2317
6932
5593
11057
18234
8026
7364
17046
15973
23669
24473
29518
12015
13636
8543
24696
27112
10962
26019
16790
28080
6686
7117
31433
6108
27192
21959
22072
9893
7235
17097
16356
29494
9818
15737
30303
15094
5435
7800
22499
1774
10663
5518
16742
30877
26723
5644
10943
1015
14984
27168
21611
6383
5140
27526
27580
25650
31280
26854
30909
26239
11204
19735
31089
32599
25784
25286
26831
32221
19233
1224
6088
26453
26768
29203
24591
2036
5498
11535
4199
24642
28366
17674
23038
11201
23846
32409
29762
8359
52
1255
5933
8796
29798
21955
32158
4272
30530
28931
29544
11128
27407
21239
17249
8290
30198
21537
6170
4894
21083
27904
9750
577
3676
16372
19601
10806
3917
17748
25822
20477
9359
9702
1033
12917
14072
7984
21737
31875
30447
7521
14568
20989
4598
9041
30618
18086
4697
24267
26947
18581
25257
1607
12124
24203
11738
7217
15801
19506
18479
21881
6666
922
30117
31806
20433
29435
29136
29590
17144
15546
14974
18225
10845
20227
15646
8208
17271
6216
1660
3955
18825
2123
4885
31603
13419
1504
5762
19710
28265
8969
26363
1156
27397
6760
24360
803
17302
17944
5708
30907
2589
3273
20361
31366
18863
10635
20408
21914
24274
6340
18773
25512
9985
4675
23512
24492
22677
679
21879
28208
23741
11993
25030
25721
10305
18629
18076
27652
13357
15260
21668
26650
13988
17122
9591
10984
27736
15896
4783
29710
26325
31140
20838
25549
5885
12804
23115
4704
30927
1107
4222
2512
20159
5819
17658
31364
28433
31500
26254
14321
25505
12192
1994
17956
22228
13349
14575
25467
1691
16455
12760
11827
20397
12160
11615
11796
27047
31450
2545
8007
21798
5446
12549
5338
30888
4985
12655
1825
4437
16594
26284
32315
17434
7166
11011
187
8438
22372
3391
8677
22929
13643
8366
20881
2511
27147
1569
25048
27130
24235
2129
31689
22347
18599
29612
26066
24427
6786
23973
16542
12433
4089
10525
27063
10808
11621
31656
9597
25487
14511
11398
3753
14071
6569
477
8020
9217
303
9456
31865
31977
22690
31173
5855
31486
6410
22738
24426
29459
26050
363
10998
16693
8341
26213
23998
31573
12339
9397
7081
30272
8942
586
31839
22750
16936
3329
23575
29982
25074
7929
19962
17576
11870
10023
3518
11422
1671
13473
26868
29846
22344
7
23043
15133
13950
13336
14280
9770
5940
21014
13723
24916
30598
32399
941
31560
27602
17851
10951
15818
24314
25088
11214
5196
12748
3164
9839
8147
655
3794
19838
6100
20744
15879
10863
25392
32536
21194
4369
22565
30414
28163
26349
929
10586
21977
9043
8162
23722
25779
5538
12291
6616
29031
15011
23546
2486
23404
3950
24814
17054
15048
29555
15162
28956
18032
23405
16235
24065
29138
17519
3614
15065
15874
21538
10255
1452
14190
20504
25989
4551
14284
23017
14979
19945
13701
12976
18491
6892
31501
30077
6492
30199
29088
14246
17274
31388
6884
30191
7896
31044
19646
21468
24987
1818
27319
19253
14186
23800
9107
18239
26970
3622
13425
28639
7762
13497
18890
16041
29269
5287
26362
31994
11856
9109
28105
28546
24908
4481
31430
24869
3750
24093
13056
18162
4354
32633
31412
5034
2460
8857
12810
22861
10381
13173
12389
25299
13236
7280
23123
24354
14346
28218
14877
2159
15335
5694
22028
7647
18000
17067
1824
12746
21258
19157
12441
6856
8841
26023
16248
3057
22412
29571
31935
29032
6266
15425
4057
5676
4570
11678
23730
3245
3971
19468
10066
25974
6754
11573
1556
4936
28258
5125
19482
21213
29391
27289
6869
12977
21754
17691
25952
6235
20584
15265
3088
20190
20383
15592
581
11330
1362
8280
4009
10365
29760
8217
7283
29601
28228
31234
23555
25880
7043
2969
31788
28577
8097
12324
16391
29077
16074
13224
21829
30110
2236
14001
9678
19966
10217
4703
29128
4162
1826
31972
5112
15823
5183
25274
18354
1277
12572
29411
2217
32647
19116
5275
26546
31189
12199
26377
13296
8895
5651
29844
4971
31662
14149
8538
24876
26786
15594
24219
24654
5566
10320
23158
30646
12195
3619
26709
14616
20266
12961
31451
27012
7510
12485
15808
24169
18699
32434
6980
18290
12219
2188
28143
9477
24351
20312
22064
5195
5462
23564
26688
16109
12212
24573
17793
11173
30313
23408
12905
5591
16733
7125
20008
25259
30620
25298
23060
12889
19131
23051
11152
1617
14214
6759
21516
22428
20102
27634
6370
3577
11762
19633
1296
31306
5585
29973
19974
4393
32369
28089
11384
16104
28320
21550
29231
29788
26721
1870
24934
31753
11429
25937
26403
6709
24124
1340
590
3123
30963
14148
18013
28005
16082
6763
28039
23524
27152
32052
19069
24455
16784
14306
25189
4285
21118
30213
30999
30898
18072
32043
114
20197
852
21330
29975
11938
11781
2521
11123
23249
29167
30004
29131
289
12466
31368
32187
9701
5506
2631
31641
31612
12105
5981
10641
9002
12125
25038
8858
22564
14497
9184
1126
21658
27348
10346
32310
22418
18095
14165
30360
1246
13737
29437
5113
27383
15258
2097
16640
2609
30136
25185
14152
12696
25078
23237
10306
11766
27814
18510
14224
18410
30135
11178
1230
3394
2374
14518
529
7268
27751
25675
21410
17049
8525
22182
821
9755
7088
22604
23418
9567
58
12442
23214
15147
32688
1244
23792
9279
20326
5922
16741
26962
24518
9780
31158
30223
14567
14814
28730
20415
28491
11
23407
10876
5296
23467
21141
26730
14458
11025
18014
6959
12027
21245
6305
29927
11213
6663
21223
17045
11574
11541
3849
17931
7493
13717
2723
17557
30993
4806
6961
27030
26585
24337
31424
27216
10927
8371
4306
15434
21011
25643
25501
12895
32573
21362
763
17072
19521
5429
6896
28709
1853
1757
6752
2421
7468
26871
12959
