4177
6618
24006
4007
2796
25969
24014
9343
27038
21524
31709
6131
7137
14028
17717
4685
25481
14104
28520
23665
16140
27268
11259
28434
28164
2216
10797
13587
22142
5822
892
24950
14735
13625
11122
3048
7159
18686
12743
12418
14648
30052
12087
9334
2817
23173
8756
11011
13049
15905
3706
12088
14576
6401
13584
11999
18962
26452
3727
25586
27372
24099
30163
31657
30893
28338
31905
1231
24577
28830
27726
8833
17224
15957
10384
4942
26210
32220
11632
15376
9776
9681
12667
25810
5903
24283
17714
13111
1904
5346
31928
20797
6313
19685
20401
9493
29818
20258
21293
10038
11314
18530
14074
21165
8608
32403
7809
28992
28690
22264
4082
20996
28603
23241
6790
1172
4974
4871
7565
12808
31625
29371
30713
22575
3904
2006
23086
25762
1840
2855
4137
31512
14871
27149
462
19782
3833
20324
1627
20624
32101
5210
10928
16511
7897
24546
25109
32153
25506
21448
23346
11811
2100
11277
3375
5405
25296
25217
17271
7906
15898
3079
17772
12926
1539
26005
12668
21040
25814
32479
4419
32239
22458
27081
10056
13003
17863
12411
2478
30135
13840
28254
30793
15609
25358
7437
14189
7644
10246
17352
24659
19219
790
24162
19298
29930
6428
9011
1600
26854
31156
14693
20644
8367
21038
26971
8876
30389
30234
20940
8001
5395
16088
15221
17608
8537
1756
17276
22426
13173
14007
8906
9468
32294
22435
25385
13747
15233
27198
3202
9821
21377
25448
4989
13356
22198
8073
7230
30815
19835
6742
15720
9363
12869
26348
567
32429
2148
264
2291
23681
26964
1367
30935
5967
7462
4752
15308
7383
16825
26864
545
18467
30545
13661
11424
22048
19965
13377
8514
7812
4669
8247
27159
23932
15855
7168
3832
29233
25718
25649
9242
10769
28228
29164
21679
8973
21039
12970
30361
13177
15896
26233
3926
20382
17392
6340
12930
17262
29826
8383
8118
7086
9102
8016
10686
8758
23952
29156
9534
25675
4900
21081
26833
21479
5602
22444
19391
10015
13397
1447
28132
23979
26459
13378
15097
19620
21531
11995
6982
10180
20216
1156
2312
17277
24062
30994
3893
13950
27752
15908
31840
972
3418
23656
14712
26628
24666
24911
21567
4612
6142
16714
12814
16979
20986
1190
5529
26141
27695
25284
9437
14522
5642
30489
21642
32375
31947
11281
21716
20175
32040
19963
4396
23892
31596
6202
6299
14173
14371
9390
13596
9193
584
30318
4266
375
30248
25851
4213
909
6720
30266
6473
20164
14216
18287
6070
10196
1489
29433
15979
28829
9938
17921
13069
10695
24557
20309
7435
23255
402
8965
954
28173
20015
5052
15204
1720
9641
32222
9455
9185
6195
1018
9531
31145
39
15689
26019
24986
575
15416
1624
14245
6392
5521
22372
14449
3692
16383
20407
6826
29144
26841
28427
19286
5141
32587
24712
10929
6867
29417
775
21904
31670
13885
4268
9434
16997
9234
15412
3123
28456
24346
23043
15438
29767
11257
21636
25098
9962
18781
30808
5573
11173
15053
19181
7726
24716
5484
10004
11602
20992
12775
8653
21013
11708
18693
8630
6014
20747
22044
4155
2381
4385
32478
16956
1247
11949
1877
20014
20251
13775
8050
24514
19972
2605
14187
13246
20832
23423
7263
25053
18880
26423
17900
21472
29860
6260
16504
23869
24363
22225
7440
20396
14592
6120
1322
7379
12023
19473
3076
21000
29736
28722
27919
25462
29453
6110
32390
20704
25350
28679
27442
12531
29796
26506
24122
28250
5763
18084
4651
22897
8304
17672
7489
20994
8933
25677
18800
16829
31931
11481
23950
9201
27096
26751
12537
12185
15807
16909
18579
15498
11688
17014
28005
8840
5375
27842
10964
25610
18000
2617
20147
11480
7896
28954
4309
19818
785
8080
30272
4692
21880
7231
18395
17853
11125
3087
6772
24862
13080
2560
22623
24732
3237
19029
7771
5430
26463
31600
10108
15194
18466
22779
1559
24720
244
32409
32623
2625
15522
24371
22207
25079
12493
31929
17261
22476
9675
2362
18061
18611
5116
26090
1170
19789
8798
14247
6627
8416
26477
18489
16925
21015
4604
23493
26685
31813
10597
24863
995
13787
30017
30486
30327
11164
19083
11352
5284
20199
7828
16524
12378
3494
11312
22784
12877
17847
246
22990
6583
11270
23143
6289
6713
16450
7300
14062
21330
25827
23315
31575
17974
10553
18083
32430
27428
8338
29333
28022
1412
13248
854
32750
6214
12997
9379
28924
26002
28991
29716
4564
4195
2590
30349
1844
19222
6390
15539
436
15132
915
21911
17300
23347
238
13874
29035
26726
21743
29425
31061
10181
13995
22763
25588
32006
18505
8130
15492
7712
30035
20381
22028
29911
26067
2682
18613
8099
8917
7258
17359
31562
1125
13650
7405
29412
1687
20394
28187
14729
30246
32559
6125
17993
11344
24900
23854
25154
13165
24547
28015
2690
1111
13443
15461
8664
20463
856
26407
4808
11574
5113
21661
27606
18144
18570
23216
26511
17407
28804
26239
1622
26068
11770
19817
5644
22579
4914
32301
24020
23567
26242
19509
14142
6323
31434
26760
22836
5811
26198
19740
18594
21116
31994
4700
2613
5950
31466
2265
6811
15571
2287
31826
3749
25524
26918
4027
9684
5253
12338
28728
23821
15302
11127
9240
15853
32169
14831
3601
14346
5651
4555
11638
31205
32752
17663
30422
12580
24539
16428
16347
14571
16278
12689
3326
18495
20893
6297
25829
14549
29639
17059
8476
6272
22329
27410
20955
22456
31586
19921
23224
19226
578
32615
3154
2511
28040
9989
9810
2208
31063
15075
1031
21866
26223
10644
14555
12953
18244
30252
22765
16281
20589
32622
6352
8157
12470
25343
32311
24607
17819
17182
9728
4321
13886
27339
27976
18224
5173
819
2457
18360
11575
11261
779
14199
26115
25071
32348
27534
12139
12312
10906
19869
12919
28952
17876
24755
21858
19147
28045
29251
10847
27965
22237
12000
13074
20031
2992
21749
8677
14309
17754
11976
7711
31053
8022
111
1781
1488
4057
22851
796
2638
3875
16802
22350
30435
7536
27525
32501
4357
3131
19388
8642
21923
340
10788
10094
26109
2348
3741
21329
1967
5993
2139
18178
13700
19470
6547
20508
24061
1028
28408
22208
29364
27904
26315
27549
20997
4594
19009
29337
21204
28876
4821
9194
20187
6359
18191
2599
8407
28596
26754
28628
3296
1431
7167
25196
5051
18209
4367
9580
13595
16478
21255
25592
24109
7925
20231
23348
23593
18681
24998
5613
4250
5879
25628
6774
20498
32721
