7416
19831
11116
16792
3713
8475
11378
2057
19384
5834
28967
13251
7797
24810
18772
5961
4255
11434
11727
12358
17770
6144
12042
9356
11032
7397
9896
2314
12696
9737
11025
12471
17581
3973
28033
17769
23755
10203
27674
6816
22986
16088
10593
6379
23041
11731
5781
15753
4437
29681
26423
3438
9552
26765
22532
2414
2821
2007
11432
11898
29882
30616
25685
5269
28646
13594
21025
8583
28884
9485
4113
30200
1943
24751
8366
4469
5772
12625
15178
22217
20603
2959
18053
8042
12715
30307
3373
18331
18073
1580
13785
8714
22772
13291
18292
992
365
14138
28331
15992
31726
26191
28910
8496
30364
10106
22048
8045
27507
3168
29952
18154
29731
5710
24328
226
30383
3248
13671
29343
9377
24859
18483
10063
2830
4012
6757
25339
6298
9827
3523
5157
32624
3356
23775
15895
22152
21920
13028
18990
11388
29824
28393
16778
20037
21781
15034
25299
12210
11055
796
8957
14328
5199
30826
1953
26745
3119
32166
23568
26040
11534
23300
15883
29475
26290
25981
7813
3427
21438
21545
1432
5543
8160
14707
1855
13972
5952
14145
29281
15001
27164
21086
28328
30840
19905
32738
23133
13216
30691
10875
28459
28558
15789
11625
16034
18425
13698
25413
11426
19272
24522
7579
31094
25287
18625
5823
17275
16911
19119
15332
3547
1955
22520
15536
14970
29229
1101
22211
7847
14691
30941
19426
1711
4984
16146
17210
26354
5141
31807
6163
27615
1191
12801
19038
20674
20608
9360
391
22191
31322
320
31596
1184
9783
10099
2834
31500
21512
26327
538
8509
31555
9934
11348
24410
14944
7614
5038
12912
13544
5802
18627
25370
7763
22375
21657
13397
2166
5461
27841
30465
2062
26442
6640
24904
30070
20158
26693
24674
17922
15562
6980
18272
24670
20240
31180
913
23476
10426
20814
1258
18878
6277
23384
18013
1242
2
28568
23914
16336
28563
32697
1505
18694
16965
3600
32094
29142
10444
15817
2079
18712
8883
9416
5041
23566
12746
9101
3484
24012
5824
31586
12194
30067
18993
25601
20693
14619
29966
902
4598
3776
23276
14972
5848
2305
17669
22717
28427
29685
15334
25015
16012
27112
20899
27672
4715
20798
6687
2361
24339
22360
16258
29750
4897
31725
15073
3042
24683
8141
821
15525
5184
15925
28934
10854
915
31744
19168
24951
28557
20114
18207
30539
23306
32662
29969
16987
1132
21355
17480
13320
24580
21502
3914
31980
16873
26113
27625
20568
661
29786
14537
26867
25084
17903
12796
16107
31958
14628
806
7659
10659
12742
15739
7412
12283
23313
19717
27823
29748
30250
29087
23389
23501
10577
1613
20671
11541
21515
17177
7462
19865
3947
23488
16074
26347
14908
24626
28586
27706
29846
11767
1008
12807
7829
28813
3883
24415
4554
18014
5278
29860
12448
20316
8148
29415
15138
14597
5336
16014
27449
1960
4018
22744
9109
31740
24749
14189
3543
23003
20827
32338
13733
11671
9417
22576
22951
31068
10736
584
32233
16979
29964
16369
20638
31305
28624
10511
14555
8801
8508
17512
21395
13438
9002
25035
2028
8646
30905
17397
6241
26100
17252
26220
20053
12236
10306
16646
10709
27363
15274
19392
23867
16861
3644
32213
16315
2708
32728
18484
32314
25737
11799
15775
1425
25436
3366
501
11919
16226
21511
5737
22571
24720
30951
21763
9949
30216
11101
21346
25959
12305
20961
20088
10504
21125
400
16779
8072
7396
26677
18113
802
25819
27755
10097
16532
9980
6140
19223
25063
7991
21796
15384
18826
8688
18556
27315
8635
24127
4432
30945
25595
22060
30638
26609
24311
2403
6634
6752
5760
9567
31112
30701
3998
21306
15427
16313
20222
29382
17320
24298
8555
18134
10835
22938
822
22874
25345
6229
27170
11453
13466
21845
2538
24699
28736
12894
8293
22083
8628
20946
448
3602
10675
3046
18225
1142
19794
5201
15714
17463
1391
19066
17469
32591
1338
19086
29575
6996
17080
26512
2368
9294
2370
31351
29179
20023
17853
22701
3607
20152
30776
13772
32287
31781
14158
25446
5799
28040
18998
7126
30317
5689
13183
17807
13497
18274
6082
11263
29759
13842
7028
7772
2674
25204
6617
27980
13279
7941
32726
32763
18557
16928
8166
28853
24900
19347
30264
26526
898
6017
4035
21739
3609
17026
29826
8763
19660
4596
19351
20716
8739
16589
563
13657
17161
2983
7124
22667
26929
9170
24980
5320
9922
30145
17209
21882
5612
13058
24470
14560
28254
3136
13918
20876
15163
12496
17989
13844
28294
20443
3429
4196
29214
28808
2592
29416
16688
31443
23859
25753
28090
10551
10635
19468
25114
2074
5259
20122
21208
31700
5077
8733
3139
21004
28444
2437
14631
2806
14284
11527
15783
30173
30394
25167
8355
3085
23622
27987
660
28102
28291
20019
24643
14509
32667
2423
3160
688
28208
28281
12603
20651
26676
31840
13046
24738
20738
6222
25539
14340
8432
26047
8859
23189
9625
394
27055
6270
16608
12735
28724
4901
9269
24765
31688
25876
28358
31262
9489
4731
23747
4384
17291
10750
7199
10133
3941
27431
983
8756
14168
5601
16149
29648
7981
2597
14582
3203
15794
3754
8609
28455
5615
32033
32392
9694
22588
11487
32430
15098
857
31101
1733
10101
10523
1945
30718
18593
14350
20646
11277
25041
19847
18668
30312
23222
10126
19724
17083
26966
23510
26773
29262
10346
9451
23963
27759
23620
16227
31541
7588
32614
3174
2981
31570
7261
5570
12019
9409
27968
17601
13047
31526
28110
22569
3381
3163
13127
26781
1961
5553
6883
6700
15101
24986
28897
27914
5640
30889
13459
3562
16505
24784
27929
31606
26188
2901
24879
21022
6775
31595
22533
26641
7719
30260
3948
2855
20654
20635
27060
11746
6768
2276
14623
13951
16428
25689
32573
10187
16129
14552
23592
14670
2761
22529
4893
123
21864
27187
7810
15708
25434
12301
27097
13542
6785
32281
31089
24207
6892
31951
14527
2681
24881
24130
12209
4478
27638
18681
31963
7874
12048
23325
3334
17410
5791
16652
999
31410
30527
9224
16659
23975
31201
9312
31020
28469
28069
13521
16406
29823
12438
15222
16205
20039
20461
7367
14984
6847
31710
24795
23104
17657
18769
26138
20747
4564
27135
16681
190
14739
25591
20864
31251
20154
11776
18980
15844
2652
387
27400
5295
6107
8397
26229
23647
29136
32026
4699
23611
17269
25598
11768
23795
32387
10677
18941
7023
12170
6613
8586
713
1829
19381
2894
13682
18645
20785
2123
20380
