29414
7113
21071
32602
8624
8603
15981
27699
22273
18314
27100
6918
26698
21323
28352
6076
1826
19598
14560
2053
22153
28836
20356
32413
19278
4713
7766
11573
13788
16281
8283
5487
19147
21985
12351
17836
24352
11405
6129
19822
24649
2148
3561
1836
23106
29687
24711
6255
3753
11395
12008
4692
21738
28018
28740
6233
23907
12905
25281
1961
13066
9324
11267
9580
15701
29179
14034
10743
16946
27705
30619
23249
2579
17078
25103
26760
4800
24003
2352
17504
20160
28807
27538
3573
31683
4152
28103
28786
22849
4158
6737
14391
8601
32192
25157
12067
22787
19583
1327
7661
25774
19249
16156
28855
8729
7093
29051
10711
2648
4856
28098
3178
3919
12729
2874
18972
32120
4005
31769
22568
5894
13073
19647
25848
6098
10868
2753
30348
17912
15897
5327
16766
12703
2396
18249
15546
23902
6550
16925
282
11301
18766
22123
3223
17892
31148
14410
18437
1022
23285
29324
21143
13887
14450
2878
9754
23448
25360
9110
3534
24009
32371
28213
4787
1303
7852
4163
11562
4235
4850
29593
18142
27861
2147
27453
3339
32148
14269
25396
32686
3516
20733
1076
25530
17466
25726
4432
7383
8073
21750
26943
5554
9852
7353
7594
25026
672
31773
18336
29961
13137
30807
13062
15903
14406
27686
4927
6279
12278
30639
16038
23945
18160
5349
25871
32004
14373
17303
6616
17982
15250
3803
28602
1431
8543
22157
28659
22358
17204
4681
24227
18103
10227
12510
30800
27408
28621
9988
10736
11375
9579
253
18837
14770
5526
6123
11379
11192
109
19603
12843
31124
11622
22790
9634
32336
19686
25039
24854
19404
17716
9169
11330
1306
19371
12475
5250
24193
29182
15707
24796
11475
29583
16861
365
6613
29762
3244
20898
29551
7528
28115
20876
18719
29542
19189
22314
15651
32599
18468
11800
8011
28981
2943
30366
2090
21698
21540
10757
3310
25092
546
24517
12895
10026
7016
16945
28099
30548
23526
3855
26429
21222
30147
940
26331
24929
13450
27114
8858
6506
27001
26430
25951
28562
876
12034
14122
24819
15840
26904
30865
20612
25964
28361
22904
1298
9448
12426
1628
4013
21031
20262
7279
20176
11224
7221
8766
17593
11923
23709
21765
11276
9828
12146
22245
26485
1780
1063
25750
29915
8002
29555
31376
5162
15659
2131
13354
10358
9064
13196
5630
5042
5639
5127
27845
17361
8970
12291
30189
14805
14709
26462
14897
3955
15428
26853
635
28114
25327
19933
2991
2390
19068
26622
8606
12889
14309
25197
25477
30299
14145
6882
24071
9303
15508
22229
1236
2079
3179
22383
12940
27015
13835
13134
19719
4750
27313
23971
10118
28227
14334
9176
2157
30382
26113
11606
18029
14629
18076
5095
6723
23117
28338
1997
8156
21675
10003
27257
3258
24767
20531
17207
8716
2138
21831
26139
23568
8915
6479
23806
20964
31924
23805
5373
2384
30010
2297
19539
27585
4259
15051
3320
5851
2507
7542
27572
9048
5023
24144
31831
520
7415
5045
17977
10446
11905
3338
7680
5359
12759
24751
18594
1790
9855
593
3928
30332
15178
143
2591
16386
20633
16478
8525
6521
2193
20783
13049
32151
2380
14764
10240
23036
95
16812
17998
29427
20477
32726
7834
18141
30099
2628
25864
20464
28358
6000
26530
2127
16905
14399
25478
14148
16239
411
1341
27995
14876
29891
7530
3915
22612
23312
19111
30678
13726
9984
31759
3932
23589
19807
17823
16423
24273
4741
1092
21866
25675
28343
31033
1775
16223
27692
27384
30557
14487
11966
2671
16104
3079
17820
6726
27420
3586
20680
3649
10799
30199
16656
1569
18084
25567
25692
7337
28389
21873
1742
31156
21618
27948
9951
2139
21285
17110
16701
25460
6531
20453
20080
10489
31447
1970
7684
10636
8599
18329
4534
5403
23032
24604
30413
17623
19713
2319
6194
442
22471
25917
3458
23657
22107
3022
3020
28234
29101
3061
28854
24023
31492
13810
1846
18133
10991
7043
2937
9867
28732
27690
10082
6245
18291
6875
1400
29100
25345
16516
29489
7903
27567
28926
31285
12732
8941
11564
8048
1234
30626
23357
12788
28612
28147
29194
18308
23859
9175
12637
4035
19250
14153
4613
32289
22071
5774
12671
17694
31883
10153
11258
827
17881
17914
13981
14868
26922
11780
10593
19057
32744
27143
6705
22624
22162
11586
1265
3525
34
15279
15794
11958
23594
24558
27741
17191
8946
11520
20869
17100
11464
7942
30972
6053
5712
31889
3253
28519
19700
27431
2259
22891
5363
29326
13136
24548
2627
26047
5193
25921
364
19934
26486
22858
27691
179
8930
6543
15145
31011
25017
778
29090
31523
21846
20554
8006
22227
11184
11183
27167
18385
26028
26458
30638
31283
9594
30829
16515
16827
25699
19960
8628
27982
16252
3950
14253
11643
10943
23030
29456
14326
20740
16242
17259
8294
9035
21183
24037
18217
16615
19985
30295
10920
18681
10194
21869
2418
28264
11099
18120
11986
22947
23642
21442
3957
3723
16499
9540
9736
5579
31483
9330
8444
13016
12516
14445
795
5696
31298
29016
2536
5298
1798
14541
8643
9804
22452
29082
24559
6048
9241
15433
31371
10331
21293
14905
1954
23604
29333
1901
14759
11307
4678
18271
14528
1602
28879
23517
1347
25748
14283
7792
4030
10366
16015
9093
14718
13252
21115
14249
5465
23349
26963
27388
10048
25518
20837
11118
19448
22544
105
19890
30772
20062
29249
24197
20289
19384
19486
29535
6213
25089
23633
6454
24515
18116
21592
22547
12250
390
27398
7406
32353
21578
236
27224
27491
10414
19152
6235
13442
28060
928
23190
12797
26811
30623
6851
3424
26366
49
15645
3710
5292
29399
31339
15613
27152
4869
16351
8532
4531
30903
2535
31672
9480
13540
32509
20742
17845
31612
10198
32648
4428
13029
25694
26471
23773
11600
2359
7219
18703
2049
28171
28313
19938
12513
21775
15013
9102
5753
18371
11544
27950
32180
14287
12259
18118
6859
29097
5287
10540
23819
32311
10583
10533
17101
22363
11502
8657
10997
22384
3401
4459
2698
18147
10474
19929
3511
24133
26684
18902
6934
11956
27093
22067
10950
14475
5016
5306
25358
6844
28794
17849
21181
18228
28721
4201
27889
30479
17534
8861
30108
25135
17919
9941
28032
20016
25133
1229
14293
9311
19474
25107
17307
15562
5390
18483
5897
19597
9697
14012
949
3482
29360
19182
23985
29364
26452
1837
16634
10247
5218
3117
22213
27749
23219
27483
10652
15831
20180
14863
28240
10000
32535
