25277
12234
22763
7441
32353
26303
10993
8151
8988
18898
18468
7907
22454
19837
13582
18827
10033
25569
7596
15395
19611
28444
9827
10107
23099
6941
27073
30672
29952
14715
19822
3945
54
29047
17495
9886
18631
17145
28679
1443
30788
13456
29850
14796
10437
19751
25112
9859
10391
26536
24408
11016
17625
29798
6474
21485
20380
13185
11996
11188
11773
5613
23214
6581
31145
26281
15128
10008
15707
20911
25857
27785
11192
21824
10767
18478
9761
7394
14665
2642
8374
13668
8605
3161
22384
2791
19256
7522
10703
9093
16193
19415
7063
26745
2452
13256
4246
18228
1784
20510
16948
17247
27132
13797
25387
11281
13114
13646
22507
21512
31561
27211
2225
5190
20771
4673
22028
16905
4322
9009
10725
8366
26951
28534
25532
5172
23801
8711
628
11734
29337
29730
7270
15815
2637
29078
4225
22720
20041
8975
8416
26527
10137
4484
16439
32238
21776
31077
2591
21564
24152
19870
26461
1620
7041
2532
9795
27263
25956
10336
608
9107
4846
11717
8641
15857
16320
2994
12597
31607
8275
19702
27059
13484
18164
237
26060
20505
7531
24431
10970
18716
27962
24102
24413
10199
18264
23299
2068
22594
10885
21379
21237
15516
14265
26661
28070
435
8616
20127
8496
421
27464
28941
15202
9748
19472
24742
20601
8491
12075
7848
32362
24095
19343
2732
16438
2927
29442
30939
25007
41
9642
32726
2147
922
28495
27796
21243
16897
5465
5878
5631
1428
20625
17408
14821
31019
20629
21205
3483
7866
6310
2436
27572
8387
16380
28824
2750
31039
27822
552
4752
6551
6374
3356
4989
13553
15714
13640
19745
12015
16116
7420
454
22311
23845
15953
23205
5211
31033
18656
9538
14185
22955
6494
26790
2393
24640
28409
25337
30267
13414
10564
31301
3042
29713
27945
24638
19113
4300
9494
4828
30296
22981
11562
5079
19974
1276
32206
6423
25016
16000
7681
28974
27377
29008
3277
14412
21644
8012
22547
10103
27852
14001
6088
25376
12535
9521
17303
23554
31766
7267
5022
30978
18748
23715
2060
13457
2650
20092
9675
24649
115
5023
138
17429
1299
6537
27251
9787
7214
17208
31570
8356
26777
8631
28686
23743
14917
12452
28471
7437
21404
12328
25361
27147
7252
14030
18610
20326
13638
14615
5813
11815
6891
15591
18134
905
15731
30603
9344
27258
14115
13301
26530
30328
18590
13912
18533
29033
17095
21545
16728
1391
28299
15058
9691
19551
29389
18431
3633
22388
27457
15081
32456
880
7282
6305
29667
2626
28174
23771
11517
32241
8373
13053
8111
1982
21124
1760
3290
13298
11284
9662
14640
7708
4623
7705
23371
30643
8167
26620
20417
2741
5505
5076
10988
966
31377
12315
22065
10892
17065
31175
26517
20816
29303
28458
12039
12649
27264
23273
17089
9851
3660
981
16195
22274
12804
11068
11389
11037
3258
16865
14200
12645
21227
23799
29558
3644
31792
13547
21433
14909
18199
1751
14649
23305
19483
27398
2873
10337
2869
14091
30249
24048
17055
16049
10845
32028
20630
31661
25365
8734
31188
6522
20533
14827
19733
14400
5087
23687
14533
28601
4652
673
18835
10816
14892
11742
9807
9055
3942
1675
25845
6096
31729
22143
2616
19937
22364
32717
22460
22221
28063
12011
21467
28330
8969
30543
22198
31445
23847
16113
28356
9666
20902
9732
12951
23156
19024
19811
19911
20110
15421
997
17046
20211
3466
16923
18430
18289
4182
17471
7186
12999
7060
4370
22570
18679
16360
32065
12719
17955
12480
28968
28283
15389
3330
11167
10646
9919
16142
14986
31938
15433
32471
6084
2016
6044
22326
22626
25942
8816
5844
9728
31698
1261
7583
14179
8189
897
20383
2575
9692
3352
538
1854
10532
6208
21857
11322
18899
12935
26285
26243
13195
10180
27449
32647
21529
210
6778
11802
24082
31714
1587
30497
2565
17348
26024
29792
26814
3308
21904
13730
3150
1240
13397
28071
32198
13887
3265
17708
8979
8699
3887
22725
1386
22932
8746
8628
9367
24338
31069
17566
21770
15945
13851
17728
3871
12342
8198
15973
1265
31454
16447
11834
15072
12560
4646
25916
16596
9
3677
14428
19860
8036
32217
11333
786
1894
16219
9372
23282
26063
14510
6921
21701
4998
10975
17910
3283
17589
10512
22689
13676
17612
5716
26638
5273
23683
2696
12730
15522
14857
3648
12337
2475
18227
30032
10709
30317
30538
4580
26070
15747
30940
25194
31783
8712
8914
159
7087
31423
30985
29214
18760
19819
21925
1881
25109
18561
14388
9313
28081
25117
20124
17264
10963
9595
24521
25646
1455
19198
13555
30266
5491
13090
29070
12487
20000
9513
18737
2134
16966
2675
12427
22754
28874
27864
29785
17550
26066
5913
28725
25851
22156
15993
10454
24275
20404
651
1273
11905
21153
2273
16657
9054
13462
2960
31231
20636
25949
17136
20907
22125
25957
30874
22317
30343
27892
23524
22665
8655
4305
30970
17867
13843
19582
22208
24518
15580
5376
28295
311
26330
12063
21553
25881
4314
18429
13201
3116
22335
723
21581
671
18538
27849
19222
8223
7166
13622
30544
7449
3485
2422
8055
11077
21425
30957
29682
14728
30873
21922
9067
14774
22423
7399
29972
18321
7747
22999
29194
5851
11464
17630
31478
14100
27180
9233
23608
4720
28258
24916
31885
18261
10887
21293
30534
20670
1504
10588
6844
24282
12489
30702
13153
29829
30468
15942
28934
19272
2733
30223
4940
22691
12407
30406
23790
27730
17745
2178
29169
9897
20156
9878
29137
16901
14600
21902
5207
6302
29591
10016
20379
12162
32590
8806
5517
16656
7247
18204
31784
19050
22403
666
18800
30395
31882
14405
5765
16427
19223
6373
27339
514
12126
721
22106
539
11313
20449
31985
30190
18999
3839
17778
27682
11242
31553
13331
23430
5204
31552
6558
21626
26073
9321
9863
27161
10278
1547
7
27019
28996
4097
28583
20793
8557
25357
2649
25164
17700
13799
20600
5722
15697
30
31845
3867
5507
21635
32646
22681
23332
24758
29711
3845
2692
18497
4343
23839
11085
5850
8591
19266
24056
11819
14616
23166
32445
11945
6450
29582
23550
17448
3728
6251
20254
26671
3179
10883
19106
11733
32470
13955
3856
1438
12874
32100
27603
6264
26392
14674
32370
13353
23767
15298
4093
970
5427
10020
7621
2286
6804
25586
4186
7386
15957
27286
681
18032
11156
25556
16286
22452
595
16293
12828
7553
28521
25239
29709
1427
24430
18731
15562
10827
30177
19260
21192
