3842
8762
27115
25474
19902
26942
2455
28219
14238
19397
29869
20345
23249
5164
8056
6218
26469
23410
26653
13157
12555
15418
27765
4286
15984
20182
28690
19019
22516
24980
14954
31706
13326
10345
11385
19601
3898
7103
32316
20999
8855
5301
29783
14511
32120
6803
26675
5826
22511
25486
21489
19691
11266
23033
17592
6899
844
14134
32301
18655
22262
1239
3901
28346
9499
31195
7766
5668
3279
14327
29565
24071
17315
16698
15484
10709
16971
25512
17341
5590
25617
19077
24797
14771
21230
26
18154
4473
17450
28063
5564
18756
621
22447
7324
18117
9897
14196
24616
23927
31083
26444
941
5991
7917
26712
8440
20862
15241
5957
7961
1872
18760
9229
22382
19949
10613
18809
24288
28487
15698
8637
22749
3326
28085
17076
15544
457
29036
21630
21503
7553
31183
7816
4116
1884
1423
28102
20586
27395
8903
4109
2318
27807
17008
9397
959
16785
5436
8421
5067
5678
32224
3355
2040
3670
29952
20282
15237
5102
1185
3826
26134
13989
10381
29268
20995
29955
11014
30498
17525
1731
18527
15780
1351
15065
15608
28264
25893
7674
4006
1779
22161
3142
31369
5762
13627
11980
3055
923
1045
31564
7777
10679
8539
32722
4360
2730
27613
15035
16809
28950
24916
12443
8102
27687
31928
6303
1943
24452
30707
17456
11508
1897
18328
23395
6582
26502
25454
16165
6462
2065
25039
20445
32559
13413
1643
233
25684
24893
25084
16879
24271
30808
1728
23517
3569
13258
15998
1358
15934
27931
30628
17087
26827
23943
11397
3063
16001
19854
24651
15111
4492
18147
5167
21112
18490
23146
771
12632
18829
16700
25599
21707
8224
11604
14854
17476
25387
5271
6162
2460
6536
30589
9090
25690
5703
15527
30170
8420
14768
30907
8331
25033
21819
8991
3977
21381
23502
2505
27661
24494
18959
27069
31040
21161
8990
22728
23106
25452
28879
29281
23865
19109
31355
27089
6209
27467
13205
21685
32762
4455
26340
26800
15267
26076
20482
16912
20017
14316
5673
16180
25919
5627
24165
22169
4540
27709
22627
19812
23164
13700
31435
5345
11975
15649
5183
19809
21515
11938
12907
18341
29531
7916
16501
19745
20309
16005
16691
5844
26507
21060
13526
2199
18628
2085
5561
22544
5409
19283
21033
25244
20797
12095
15060
24322
26175
20814
22574
2965
26879
15445
9562
31898
19488
29329
30249
26658
11412
21465
15738
18364
14428
32579
31751
27856
11064
10523
10798
18351
13255
7002
15291
32326
20441
24583
19089
30587
13717
3763
110
26126
18243
15007
22066
27911
8292
18152
18439
28351
28389
545
11872
4719
9071
13282
6432
26379
18979
25162
13273
28200
21494
4905
9809
22776
25456
9050
9797
6697
4026
4320
15194
14548
6802
19191
24364
8944
6407
26532
31618
32302
2025
11358
21733
31235
2897
28664
7922
9925
976
10787
16852
29493
11903
23228
22988
5710
29532
29361
8498
5712
5562
18339
7271
7192
25218
13856
21526
24668
26566
13541
12266
10807
3083
852
5016
4273
18382
10101
8578
24522
11699
15162
13015
16764
24576
15599
18441
20815
6775
30232
20640
12876
5071
6503
18889
11459
31804
31468
10278
19371
20331
9856
13409
16533
13674
13180
28065
11886
5550
17730
24313
31344
7670
1648
6041
212
1538
18391
13211
27834
25066
11454
1657
19773
14807
23680
25154
5747
27831
3229
2773
30780
17232
1492
26926
28407
12217
18451
29367
7668
23643
30526
25181
6321
3196
28308
5545
16446
1087
23940
7007
18844
4205
5212
30951
29730
19455
20227
30660
7245
26046
14785
10851
24176
6205
27582
5326
24392
952
30279
3925
24759
26181
25663
28681
20034
11703
17676
18265
29896
32259
4083
13141
32162
21289
14422
28150
28398
25694
10248
14469
32284
22872
20037
32658
21542
26319
27859
11537
19463
22656
24638
13148
32744
14730
26996
23177
11713
5629
3587
29932
15
8263
31660
27686
150
7363
27265
845
2395
8839
11553
31086
11427
274
11666
19675
15429
23809
1973
996
5367
19690
7632
22495
4269
8923
11073
3276
28975
30019
25652
29678
4153
2592
7927
14966
29979
26165
8491
24242
13571
13858
1314
28689
15391
2120
3029
7528
28386
12666
16718
7433
21880
20751
27217
8844
3596
26037
8854
17118
31318
4057
31484
19129
10580
29899
27977
27072
20329
19908
32202
6553
15030
32306
14822
19256
4332
29488
20200
1893
24212
10567
30359
24832
11625
14838
14506
2498
11151
554
7112
12336
28790
19723
21893
11912
26615
16656
1011
4787
23609
14618
13411
21291
26916
476
3023
19540
9176
29400
15942
8779
24641
27782
14638
22397
8930
21732
10171
17837
15138
11662
1509
27309
3398
21803
18257
10392
25881
28558
6024
22754
11009
9291
29345
9409
2569
20882
5421
28597
2869
9569
16696
22490
14505
2767
10672
19330
2933
16553
25024
31589
28082
10959
29601
27158
32637
326
13304
13052
17096
15716
16944
6583
5416
30312
14474
21838
9175
19870
30701
8512
13774
32074
22230
6304
12710
3436
16998
31733
11464
18540
7973
11777
10349
22797
14496
28443
12036
411
6240
12025
29888
7697
22529
23030
20883
26570
26353
12258
21976
27254
20713
1694
17303
5551
9708
51
15385
31218
27695
25815
8269
1200
25138
8204
3754
30129
21572
6841
5106
24253
20076
18974
31462
9078
21844
2718
7170
16454
15835
921
31705
10869
4683
8124
2213
24708
26681
30394
13169
21642
13197
28000
3996
26608
8597
31986
5118
22132
20359
23446
24639
318
7211
14426
4882
15888
5602
12517
23839
5854
20145
23735
935
27161
23377
3620
19284
21602
23624
13165
12835
13959
5185
14865
10084
26323
4326
18796
24447
11146
3084
27664
18221
27833
30301
29852
22312
32059
1106
11753
28078
10949
14684
8161
8975
21380
22104
16536
10138
1050
7191
22876
4336
9340
29773
27817
12431
21226
814
26052
421
676
17626
3115
9156
6203
21032
6918
24927
1585
11185
15041
29484
31580
12896
16453
29424
139
29761
19560
25205
22241
23389
29014
6520
16479
28939
23932
30117
17785
31210
14555
24511
30051
13803
15226
28940
7373
19060
28418
6967
31663
4613
22961
8010
3499
14279
13945
31821
29885
6091
22992
28662
1789
10418
27226
18213
682
15039
2221
9989
17245
23067
13419
22911
3066
8210
29464
13367
27382
14359
22202
14621
17064
30259
2960
21502
13731
24270
7994
12746
2668
8242
6774
10497
5859
24550
3220
16172
11372
15380
13944
27039
321
32569
24892
5518
7440
17965
