24801
32324
31527
25069
30888
29796
319
27305
15
1243
11046
22577
19880
1433
4288
25178
259
31297
31105
6340
29125
18956
26925
32747
19648
27342
8523
32765
28747
18147
9562
557
26121
23619
8040
11551
25895
29150
10154
5475
12046
626
4146
17437
29498
9119
14698
28705
22518
5454
17179
27335
25220
4983
10456
11182
9254
7529
9642
25909
17705
27773
19586
9159
27620
14460
673
28787
29424
16501
3001
29664
11849
224
31538
7128
31372
12877
2109
30814
11242
23453
27776
14387
31688
638
6970
14784
7444
25650
14790
10553
7185
20441
4356
3587
5461
30618
18158
1157
31834
1343
27331
19087
10472
22799
30552
5673
19295
31794
19971
3578
14103
22316
31566
1731
26858
17824
27219
15637
30915
14282
3574
24381
18202
2557
22841
22599
14846
6423
27883
9411
1011
15588
23097
17177
13759
16434
8877
13077
12052
10393
14222
25887
28413
15194
22442
32767
17176
7242
10032
31676
25188
2068
1047
21921
10404
32328
8705
23825
23206
30688
1207
30055
1247
6216
9095
30670
1728
6472
26296
7884
1008
23114
4362
1776
9044
10282
3942
14822
13364
25068
28876
29981
32189
19801
14395
10105
22896
7552
19237
2760
31638
4927
2390
22143
17846
14372
22302
15000
32277
27737
21368
1927
12932
7836
21705
27701
11153
31414
31420
28076
17833
2599
9730
9456
20972
19638
16168
11517
11171
26177
24061
31424
16059
31109
3956
28363
27316
24090
3636
9755
18030
14961
15250
32580
7046
26857
16441
1729
8626
17686
11270
13743
28912
23173
6127
9667
6886
10528
24033
2904
25337
20393
16752
18041
10593
23681
2500
9804
16604
3325
14178
19634
10335
9914
16906
9276
17125
26667
14534
21928
27196
20087
3957
17394
7810
4179
20129
23439
8174
23900
1841
26997
10975
17034
4345
19240
29109
4308
12928
724
27131
3336
28371
18520
25277
25971
22542
19269
27705
17718
27000
18421
22945
23850
24752
28731
17671
20661
26601
24641
28011
11891
17257
22479
8966
27088
31381
14442
3497
12760
8448
2107
2786
18902
24572
16908
21603
13485
29803
32104
6060
19016
10688
18033
2782
3329
26151
24047
11684
28786
16367
19561
27920
29430
16589
25542
11486
5026
3827
17308
5851
16315
19912
30674
12436
1041
11764
27621
15066
29467
9429
19348
7743
4912
14057
4100
3403
25177
29060
23805
16417
26444
7851
26600
11388
28849
17093
23787
9656
8699
30234
263
3416
28220
32671
17546
16030
2907
10790
7692
4943
16361
7184
21082
28133
19826
21847
7351
29488
7126
7127
800
9696
18792
10410
23589
11747
7331
967
21711
27779
4454
2488
3938
4246
5055
27646
4737
7986
27729
73
15716
30373
14263
18228
18006
20458
21468
20851
9064
18336
16101
10639
9050
18328
12092
3411
826
4520
13604
2442
12452
14115
23990
24493
5295
11802
28408
32603
6857
18384
28535
31711
32714
23634
9354
3427
6532
15600
3014
25572
30226
13763
11051
22294
24074
29709
17040
31250
2895
2623
11830
29161
13243
23928
16984
4064
25782
24918
22183
29288
7200
32079
5214
2640
30334
11576
16726
23844
18740
21382
8832
31776
19670
1678
17391
21577
30678
26086
22242
24185
11512
31233
1334
4072
1454
2996
8341
26522
2893
23749
26167
14604
18608
5210
19994
19133
32268
29791
15688
20653
17767
3862
6343
17899
32557
24351
9973
27828
27010
2060
2353
4080
3879
7921
31477
542
1064
22605
11489
16565
20641
32452
8882
27903
14984
32106
15058
23200
548
17351
32533
5508
22079
10395
6800
17226
16489
12218
14789
17574
8194
32691
5501
8976
23338
5048
32084
3375
4926
706
1453
27524
8294
10272
31162
18903
1595
25216
21392
22185
11091
23365
16872
13159
4142
14945
15980
18466
19848
3390
17375
155
25455
32586
32146
27009
24292
21232
27790
32546
21895
13609
20293
1596
4981
29915
20405
15084
6726
29604
6957
3791
32522
10846
15603
25775
4504
6677
22830
30409
16770
6555
18594
25891
9329
9076
19740
30669
23159
17033
5703
25918
11843
15157
29759
16827
24113
2563
21467
28692
1795
6040
30923
11357
25115
5294
21413
29176
30579
25279
21800
29973
29108
9849
29925
25598
6117
26029
19146
13566
32186
2260
20714
18120
6093
3464
6402
23590
16922
28330
20971
29006
15301
19487
13976
25621
3470
9758
18822
17121
27810
32734
223
25536
27018
28521
29372
9677
23021
24404
5626
4984
29521
24354
31699
29786
30214
10847
27522
723
23106
31960
21061
3916
21024
21441
16836
5194
23772
5128
8700
5987
1688
1235
23313
7630
28041
8280
23706
10746
1119
20040
23055
12767
17508
7862
4962
28744
18458
21734
15072
6312
19051
10061
12444
17102
22236
18612
30511
9729
19562
13057
6289
22367
2112
24956
17448
23899
28812
31177
25585
21442
3183
20159
22619
32180
26203
913
32260
5213
7175
2955
26440
1815
30177
5629
13790
1928
18516
31192
14631
7251
26737
4397
31078
13527
17154
22493
23529
19660
8021
23321
20171
21065
553
29924
30346
366
20225
5832
5964
14741
2131
3106
14028
1114
3009
29246
27682
5855
2972
1873
30437
32036
2586
5084
18809
8640
15153
6503
25989
31563
3224
22983
16684
6719
30675
22949
31472
26881
7595
24832
8970
28604
27020
20514
12412
13028
6112
11823
26344
25218
11012
15014
8068
28285
26504
15539
23395
10209
17923
2669
13075
16844
34
17751
6581
25550
11405
5946
28689
15935
23883
5648
4739
131
7922
17331
10819
26579
13541
7416
18253
8424
16493
28102
31625
18425
30879
8195
11547
3616
15427
8256
10967
7023
19920
30448
8617
16173
17427
30274
18163
16066
27205
21058
9468
11026
3618
30783
27585
12692
18783
12526
32629
26148
23051
14749
15942
718
8579
19356
14164
10533
12021
17649
23662
30398
4835
19717
13780
27111
14243
29068
19876
7461
15176
26566
1491
31718
16214
5523
25802
18475
26353
29929
6914
1253
11464
541
31899
11876
20079
27978
31447
31925
19720
7984
25382
29843
23172
18691
6870
24420
24795
98
25342
21674
22009
14485
792
24587
24415
3491
19120
13885
32529
16057
32304
10046
26351
30206
25563
19499
16521
18008
9650
338
10486
648
18705
17138
10742
3597
29458
29259
25108
30254
25633
26893
5309
21183
4557
26026
21740
23509
29897
6475
8399
23725
28828
15261
11614
19867
9375
18552
16118
21411
1270
2182
23765
17713
26462
11202
13421
4548
8840
736
11101
25465
29353
30728
19664
18361
6156
22244
1021
26687
9011
4191
32426
